%Time (sec)	TC 1	TC 2	TC 3	TC 4	TC 5	TC 6	TC 7 	TC 8 - Near Heater						10/10/2019	1:46 PM
0	16.6	16.5	16.7	16.7	16.8	16.8	16.8	17							
10	16.6	16.6	16.7	16.7	16.8	16.8	16.9	17							
20	16.6	16.5	16.7	16.7	16.8	16.8	16.9	17							
30	16.6	16.6	16.7	16.7	16.8	16.8	16.9	17							
40	16.6	16.6	16.7	16.7	16.8	16.8	16.8	17							
50	16.6	16.5	16.7	16.7	16.8	16.7	16.8	17							
60	16.6	16.5	16.7	16.7	16.8	16.8	16.8	17							
70	16.6	16.5	16.7	16.7	16.7	16.7	16.8	17							
80	16.6	16.6	16.7	16.7	16.8	16.8	16.9	17							
90	16.6	16.5	16.7	16.7	16.8	16.8	16.8	17							
100	16.6	16.5	16.7	16.7	16.8	16.8	16.8	17							
110	16.6	16.6	16.7	16.7	16.7	16.8	16.8	17							
120	16.6	16.5	16.7	16.7	16.8	16.8	16.8	17							
130	16.6	16.6	16.7	16.7	16.7	16.8	16.8	17							
140	16.6	16.6	16.7	16.7	16.8	16.8	16.8	17							
150	16.6	16.6	16.7	16.7	16.8	16.8	16.8	17							
160	16.6	16.6	16.7	16.7	16.8	16.8	16.8	17							
170	16.6	16.6	16.7	16.7	16.8	16.8	16.8	17							
180	16.6	16.6	16.7	16.7	16.8	16.8	16.8	17							
190	16.6	16.5	16.7	16.7	16.7	16.8	16.8	17							
200	16.6	16.6	16.7	16.7	16.8	16.8	16.8	17							
210	16.6	16.5	16.7	16.7	16.8	16.8	16.8	17							
220	16.6	16.5	16.7	16.7	16.8	16.8	16.9	17							
230	16.6	16.5	16.7	16.7	16.8	16.8	16.9	17.1							
240	16.6	16.5	16.7	16.7	16.8	16.8	17	17.2							
250	16.6	16.5	16.7	16.7	16.8	16.9	17.1	17.3							
260	16.6	16.6	16.7	16.8	16.9	17	17.2	17.5							
270	16.6	16.6	16.7	16.8	17	17.1	17.4	17.7							
280	16.6	16.6	16.8	16.9	17.1	17.3	17.6	18							
290	16.6	16.7	16.8	17	17.2	17.4	17.8	18.2							
300	16.7	16.7	16.9	17	17.3	17.6	18	18.5							
310	16.7	16.8	17	17.2	17.5	17.8	18.3	18.8							
320	16.7	16.8	17.1	17.3	17.6	18	18.5	19							
330	16.8	16.9	17.2	17.4	17.8	18.2	18.8	19.3							
340	16.9	17	17.3	17.5	18	18.4	19	19.6							
350	16.9	17.1	17.4	17.7	18.1	18.6	19.3	19.8							
360	17	17.2	17.5	17.8	18.3	18.9	19.5	20.1							
370	17	17.3	17.6	18	18.5	19.1	19.8	20.4							
380	17.1	17.3	17.7	18.1	18.7	19.3	20	20.7							
390	17.1	17.4	17.8	18.2	18.9	19.5	20.2	20.9							
400	17.2	17.6	18	18.4	19.1	19.7	20.5	21.2							
410	17.3	17.6	18.1	18.6	19.2	19.9	20.7	21.4							
420	17.4	17.7	18.2	18.7	19.4	20.1	21	21.7							
430	17.4	17.8	18.4	18.9	19.6	20.3	21.2	21.9							
440	17.5	18	18.5	19	19.8	20.6	21.4	22.2							
450	17.6	18.1	18.6	19.2	20	20.8	21.6	22.4							
460	17.7	18.2	18.8	19.3	20.1	21	21.9	22.6							
470	17.8	18.3	18.9	19.5	20.3	21.1	22.1	22.9							
480	17.8	18.4	19	19.6	20.5	21.3	22.3	23.1							
490	17.9	18.5	19.1	19.8	20.7	21.5	22.5	23.3							
500	18	18.6	19.3	19.9	20.8	21.7	22.7	23.5							
510	18	18.7	19.4	20.1	21	21.9	22.9	23.7							
520	18.1	18.7	19.5	20.2	21.1	22.1	23.1	23.9							
530	18.2	18.9	19.6	20.4	21.3	22.3	23.3	24.2							
540	18.3	18.9	19.7	20.5	21.5	22.4	23.5	24.4							
550	18.3	19	19.8	20.6	21.6	22.6	23.7	24.6							
560	18.4	19.1	19.9	20.7	21.8	22.8	23.8	24.8							
570	18.4	19.2	20	20.9	21.9	22.9	24	24.9							
580	18.5	19.3	20.2	21	22	23.1	24.2	25.1							
590	18.6	19.4	20.3	21.1	22.2	23.3	24.4	25.3							
600	18.7	19.5	20.4	21.3	22.3	23.4	24.5	25.5							
610	18.7	19.6	20.5	21.4	22.5	23.6	24.7	25.7							
620	18.8	19.6	20.6	21.5	22.6	23.7	24.9	25.8							
630	18.8	19.7	20.7	21.6	22.7	23.9	25	26							
640	18.9	19.8	20.8	21.7	22.9	24	25.2	26.2							
650	19	19.9	20.9	21.8	23	24.2	25.3	26.4							
660	19	20	21	21.9	23.1	24.3	25.5	26.5							
670	19.1	20	21	22.1	23.3	24.4	25.6	26.7							
680	19.1	20.1	21.1	22.1	23.4	24.6	25.8	26.8							
690	19.2	20.1	21.2	22.3	23.5	24.7	25.9	27							
700	19.2	20.2	21.3	22.4	23.6	24.8	26.1	27.1							
710	19.3	20.3	21.4	22.5	23.7	25	26.2	27.3							
720	19.3	20.4	21.5	22.5	23.8	25.1	26.3	27.4							
730	19.3	20.4	21.5	22.6	23.9	25.2	26.5	27.6							
740	19.4	20.5	21.6	22.7	24	25.3	26.6	27.7							
750	19.5	20.5	21.7	22.8	24.1	25.4	26.7	27.8							
760	19.5	20.6	21.8	22.9	24.2	25.5	26.8	27.9							
770	19.6	20.7	21.9	23	24.3	25.6	26.9	28.1							
780	19.6	20.7	21.9	23.1	24.4	25.7	27.1	28.2							
790	19.7	20.8	22	23.2	24.5	25.9	27.2	28.3							
800	19.7	20.8	22.1	23.2	24.6	26	27.3	28.4							
810	19.7	20.9	22.1	23.3	24.7	26.1	27.4	28.6							
820	19.8	21	22.2	23.4	24.8	26.2	27.5	28.7							
830	19.8	21	22.3	23.5	24.9	26.3	27.6	28.8							
840	19.9	21.1	22.4	23.6	25	26.4	27.7	28.9							
850	19.9	21.1	22.4	23.6	25.1	26.5	27.8	29							
860	19.9	21.2	22.5	23.7	25.2	26.6	27.9	29.2							
870	20	21.2	22.5	23.8	25.2	26.6	28	29.2							
880	20	21.2	22.6	23.8	25.3	26.7	28.1	29.3							
890	20	21.3	22.6	23.9	25.4	26.8	28.2	29.5							
900	20.1	21.3	22.7	24	25.5	26.9	28.3	29.6							
910	20.1	21.4	22.7	24	25.5	27	28.4	29.7							
920	20.1	21.4	22.8	24.1	25.6	27.1	28.5	29.8							
930	20.2	21.5	22.9	24.2	25.7	27.2	28.6	29.9							
940	20.2	21.5	22.9	24.2	25.7	27.2	28.7	29.9							
950	20.3	21.6	23	24.3	25.8	27.3	28.8	30							
960	20.3	21.6	23	24.4	25.9	27.4	28.8	30.1							
970	20.3	21.7	23.1	24.4	25.9	27.5	28.9	30.2							
980	20.4	21.7	23.1	24.5	26	27.5	29	30.3							
990	20.4	21.7	23.2	24.5	26.1	27.6	29.1	30.4							
1000	20.4	21.8	23.2	24.6	26.2	27.7	29.2	30.5							
1010	20.4	21.8	23.3	24.7	26.2	27.8	29.2	30.6							
1020	20.5	21.9	23.3	24.7	26.3	27.8	29.3	30.6							
1030	20.5	21.9	23.4	24.8	26.3	27.9	29.4	30.7							
1040	20.5	21.9	23.4	24.8	26.4	28	29.4	30.8							
1050	20.5	22	23.5	24.9	26.5	28	29.5	30.9							
1060	20.6	22	23.5	24.9	26.5	28.1	29.6	31							
1070	20.6	22	23.5	25	26.6	28.2	29.7	31							
1080	20.6	22.1	23.6	25	26.6	28.2	29.7	31.1							
1090	20.7	22.1	23.6	25.1	26.7	28.3	29.8	31.2							
1100	20.7	22.1	23.7	25.1	26.7	28.3	29.9	31.2							
1110	20.7	22.2	23.7	25.1	26.8	28.4	29.9	31.3							
1120	20.7	22.2	23.7	25.2	26.8	28.4	30	31.4							
1130	20.8	22.2	23.8	25.3	26.9	28.5	30	31.4							
1140	20.8	22.3	23.8	25.3	26.9	28.6	30.1	31.5							
1150	20.8	22.3	23.9	25.3	27	28.6	30.2	31.6							
1160	20.8	22.3	23.9	25.4	27	28.7	30.2	31.6							
1170	20.9	22.4	23.9	25.4	27.1	28.7	30.3	31.7							
1180	20.9	22.4	24	25.5	27.1	28.8	30.3	31.8							
1190	20.9	22.4	24	25.5	27.2	28.8	30.4	31.8							
1200	20.9	22.4	24	25.5	27.2	28.9	30.4	31.9							
1210	20.9	22.5	24.1	25.6	27.3	28.9	30.5	31.9							
1220	21	22.5	24.1	25.6	27.3	29	30.5	32							
1230	21	22.5	24.1	25.7	27.3	29	30.6	32.1							
1240	21	22.5	24.2	25.7	27.4	29.1	30.6	32.1							
1250	21	22.6	24.2	25.7	27.4	29.1	30.7	32.2							
1260	21	22.6	24.2	25.7	27.5	29.1	30.7	32.2							
1270	21	22.6	24.2	25.8	27.5	29.2	30.8	32.3							
1280	21.1	22.6	24.3	25.8	27.5	29.2	30.8	32.3							
1290	21.1	22.7	24.3	25.9	27.6	29.3	30.9	32.4							
1300	21.1	22.7	24.3	25.9	27.6	29.3	30.9	32.4							
1310	21.1	22.7	24.4	25.9	27.7	29.4	31	32.5							
1320	21.1	22.7	24.4	26	27.7	29.4	31	32.5							
1330	21.2	22.8	24.4	26	27.7	29.4	31	32.5							
1340	21.2	22.8	24.4	26	27.8	29.5	31.1	32.6							
1350	21.2	22.8	24.5	26	27.8	29.5	31.1	32.6							
1360	21.2	22.8	24.5	26.1	27.8	29.5	31.2	32.7							
1370	21.2	22.8	24.5	26.1	27.9	29.6	31.2	32.7							
1380	21.3	22.9	24.6	26.1	27.9	29.6	31.3	32.8							
1390	21.3	22.9	24.6	26.2	27.9	29.7	31.3	32.8							
1400	21.3	22.9	24.6	26.2	28	29.7	31.3	32.9							
1410	21.3	22.9	24.6	26.2	28	29.7	31.4	32.9							
1420	21.3	22.9	24.6	26.2	28	29.8	31.4	32.9							
1430	21.3	23	24.7	26.3	28.1	29.8	31.4	33							
1440	21.4	23	24.7	26.3	28.1	29.8	31.5	33							
1450	21.4	23	24.7	26.3	28.1	29.9	31.5	33.1							
1460	21.4	23	24.7	26.4	28.1	29.9	31.5	33.1							
1470	21.4	23	24.8	26.4	28.2	29.9	31.6	33.1							
1480	21.4	23.1	24.8	26.4	28.2	29.9	31.6	33.2							
1490	21.4	23.1	24.8	26.4	28.2	30	31.6	33.2							
1500	21.5	23.1	24.8	26.5	28.2	30	31.7	33.2							
1510	21.5	23.1	24.9	26.5	28.3	30	31.7	33.3							
1520	21.5	23.1	24.9	26.5	28.3	30.1	31.7	33.3							
1530	21.5	23.2	24.9	26.5	28.3	30.1	31.8	33.4							
1540	21.5	23.2	24.9	26.6	28.4	30.1	31.8	33.4							
1550	21.5	23.2	24.9	26.6	28.4	30.2	31.8	33.4							
1560	21.5	23.2	25	26.6	28.4	30.2	31.9	33.4							
1570	21.5	23.2	25	26.6	28.4	30.2	31.9	33.5							
1580	21.5	23.2	25	26.6	28.5	30.2	31.9	33.5							
1590	21.5	23.2	25	26.7	28.5	30.3	31.9	33.5							
1600	21.6	23.2	25	26.7	28.5	30.3	32	33.6							
1610	21.6	23.2	25	26.7	28.5	30.3	32	33.6							
1620	21.6	23.3	25	26.7	28.5	30.3	32	33.6							
1630	21.6	23.3	25.1	26.7	28.6	30.4	32	33.7							
1640	21.6	23.3	25.1	26.8	28.6	30.4	32.1	33.7							
1650	21.6	23.3	25.1	26.8	28.6	30.4	32.1	33.7							
1660	21.6	23.3	25.1	26.8	28.6	30.4	32.1	33.7							
1670	21.6	23.3	25.1	26.8	28.6	30.4	32.2	33.8							
1680	21.6	23.3	25.1	26.8	28.6	30.5	32.2	33.8							
1690	21.6	23.3	25.1	26.8	28.7	30.5	32.2	33.8							
1700	21.6	23.3	25.1	26.8	28.7	30.5	32.2	33.8							
1710	21.6	23.3	25.2	26.9	28.7	30.5	32.2	33.9							
1720	21.6	23.4	25.2	26.9	28.7	30.5	32.2	33.9							
1730	21.6	23.4	25.2	26.9	28.7	30.5	32.3	33.9							
1740	21.7	23.4	25.2	26.9	28.8	30.6	32.3	33.9							
1750	21.7	23.4	25.2	26.9	28.8	30.6	32.3	34							
1760	21.7	23.4	25.2	26.9	28.8	30.6	32.3	34							
1770	21.7	23.4	25.2	26.9	28.8	30.6	32.4	34							
1780	21.7	23.4	25.2	27	28.8	30.6	32.4	34							
1790	21.7	23.4	25.3	27	28.8	30.7	32.4	34							
1800	21.7	23.4	25.3	27	28.8	30.7	32.4	34.1							
1810	21.7	23.4	25.3	27	28.9	30.7	32.4	34.1							
1820	21.7	23.4	25.3	27	28.9	30.7	32.4	34.1							
1830	21.7	23.5	25.3	27	28.9	30.7	32.5	34.1							
1840	21.7	23.5	25.3	27	28.9	30.7	32.5	34.2							
1850	21.7	23.5	25.3	27	28.9	30.8	32.5	34.2							
1860	21.7	23.5	25.3	27	28.9	30.8	32.5	34.2							
1870	21.7	23.5	25.3	27.1	29	30.8	32.5	34.2							
1880	21.7	23.5	25.3	27	28.9	30.8	32.5	34.2							
1890	21.8	23.5	25.3	27.1	29	30.8	32.6	34.2							
1900	21.8	23.5	25.4	27.1	29	30.8	32.6	34.3							
1910	21.8	23.5	25.4	27.1	29	30.8	32.6	34.3							
1920	21.8	23.5	25.4	27.1	29	30.8	32.6	34.3							
1930	21.8	23.5	25.4	27.1	29	30.8	32.6	34.3							
1940	21.8	23.5	25.4	27.1	29	30.9	32.6	34.3							
1950	21.8	23.5	25.4	27.1	29	30.9	32.6	34.3							
1960	21.8	23.5	25.4	27.1	29	30.9	32.6	34.3							
1970	21.8	23.5	25.4	27.1	29.1	30.9	32.7	34.4							
1980	21.8	23.5	25.4	27.2	29.1	30.9	32.7	34.4							
1990	21.8	23.6	25.4	27.2	29.1	30.9	32.7	34.4							
2000	21.8	23.6	25.4	27.2	29.1	30.9	32.7	34.4							
2010	21.8	23.6	25.4	27.2	29.1	31	32.7	34.4							
2020	21.8	23.6	25.4	27.2	29.1	31	32.7	34.4							
2030	21.8	23.6	25.4	27.2	29.1	31	32.7	34.4							
2040	21.8	23.6	25.5	27.2	29.1	31	32.8	34.5							
2050	21.8	23.6	25.5	27.2	29.1	31	32.8	34.5							
2060	21.8	23.6	25.5	27.2	29.1	31	32.8	34.5							
2070	21.9	23.6	25.5	27.3	29.2	31	32.8	34.5							
2080	21.8	23.6	25.5	27.2	29.2	31	32.8	34.5							
2090	21.8	23.6	25.5	27.3	29.2	31	32.8	34.5							
2100	21.9	23.6	25.5	27.3	29.2	31.1	32.8	34.5							
2110	21.8	23.6	25.5	27.3	29.2	31	32.8	34.5							
2120	21.9	23.6	25.5	27.3	29.2	31.1	32.9	34.6							
2130	21.8	23.6	25.5	27.3	29.2	31.1	32.9	34.6							
2140	21.9	23.6	25.5	27.3	29.2	31.1	32.9	34.6							
2150	21.9	23.6	25.5	27.3	29.2	31.1	32.9	34.6							
2160	21.9	23.7	25.5	27.3	29.2	31.1	32.9	34.6							
2170	21.9	23.6	25.5	27.3	29.2	31.1	32.9	34.6							
2180	21.9	23.7	25.6	27.3	29.2	31.1	32.9	34.6							
2190	21.9	23.7	25.6	27.3	29.2	31.1	32.9	34.6							
2200	21.9	23.7	25.6	27.3	29.3	31.1	32.9	34.6							
2210	21.9	23.7	25.6	27.3	29.3	31.1	32.9	34.7							
2220	21.9	23.7	25.6	27.4	29.3	31.2	33	34.7							
2230	21.9	23.7	25.6	27.4	29.3	31.2	32.9	34.7							
2240	21.9	23.7	25.6	27.4	29.3	31.2	33	34.7							
2250	21.9	23.7	25.6	27.4	29.3	31.2	33	34.7							
2260	21.9	23.7	25.6	27.4	29.3	31.2	33	34.7							
2270	21.9	23.7	25.6	27.4	29.3	31.2	33	34.7							
2280	21.9	23.7	25.6	27.4	29.3	31.2	33	34.7							
2290	21.9	23.7	25.6	27.4	29.3	31.2	33	34.7							
2300	21.9	23.7	25.6	27.4	29.3	31.2	33	34.8							
2310	21.9	23.7	25.6	27.4	29.3	31.2	33	34.7							
2320	21.9	23.7	25.6	27.4	29.3	31.2	33	34.8							
2330	21.9	23.7	25.6	27.4	29.3	31.2	33	34.8							
2340	21.9	23.7	25.6	27.4	29.4	31.2	33	34.8							
2350	21.9	23.7	25.6	27.4	29.4	31.2	33.1	34.8							
2360	21.9	23.7	25.6	27.4	29.4	31.2	33.1	34.8							
2370	21.9	23.7	25.6	27.4	29.4	31.3	33.1	34.8							
2380	21.9	23.7	25.6	27.4	29.4	31.3	33.1	34.8							
2390	21.9	23.7	25.6	27.4	29.4	31.3	33.1	34.8							
2400	21.9	23.7	25.7	27.5	29.4	31.3	33.1	34.8							
2410	21.9	23.7	25.6	27.4	29.4	31.3	33.1	34.8							
2420	21.9	23.7	25.7	27.4	29.4	31.3	33.1	34.8							
2430	21.9	23.7	25.7	27.5	29.4	31.3	33.1	34.9							
2440	21.9	23.7	25.7	27.5	29.4	31.3	33.1	34.9							
2450	21.9	23.7	25.7	27.5	29.4	31.3	33.1	34.9							
2460	21.9	23.7	25.7	27.5	29.4	31.3	33.1	34.9							
2470	21.9	23.7	25.7	27.5	29.4	31.3	33.1	34.9							
2480	21.9	23.7	25.7	27.5	29.4	31.3	33.1	34.9							
2490	21.9	23.8	25.7	27.5	29.4	31.3	33.1	34.9							
2500	22	23.8	25.7	27.5	29.4	31.3	33.2	34.9							
2510	22	23.8	25.7	27.5	29.4	31.3	33.2	34.9							
2520	22	23.8	25.7	27.5	29.5	31.3	33.2	34.9							
2530	22	23.8	25.7	27.5	29.4	31.3	33.2	34.9							
2540	22	23.8	25.7	27.5	29.5	31.4	33.2	34.9							
2550	22	23.8	25.7	27.5	29.5	31.4	33.2	34.9							
2560	22	23.8	25.7	27.5	29.5	31.4	33.2	35							
2570	22	23.8	25.7	27.5	29.5	31.4	33.2	35							
2580	22	23.8	25.7	27.5	29.5	31.4	33.2	35							
2590	22	23.8	25.7	27.5	29.5	31.4	33.2	35							
2600	22	23.8	25.7	27.5	29.5	31.4	33.2	35							
2610	22	23.8	25.7	27.5	29.5	31.4	33.2	35							
2620	22	23.8	25.7	27.5	29.5	31.4	33.2	35							
2630	22	23.8	25.7	27.5	29.5	31.4	33.2	35							
2640	22	23.8	25.7	27.5	29.5	31.4	33.2	35							
2650	22	23.8	25.7	27.5	29.5	31.4	33.2	35							
2660	22	23.8	25.7	27.6	29.5	31.4	33.3	35							
2670	22	23.8	25.7	27.5	29.5	31.4	33.2	35							
2680	22	23.8	25.8	27.6	29.5	31.4	33.3	35							
2690	22	23.8	25.7	27.6	29.5	31.4	33.2	35							
2700	22	23.8	25.8	27.6	29.5	31.4	33.3	35							
2710	22	23.8	25.8	27.6	29.5	31.4	33.3	35							
2720	22	23.8	25.8	27.6	29.5	31.4	33.3	35							
2730	22	23.8	25.8	27.6	29.5	31.4	33.3	35							
2740	22	23.8	25.8	27.6	29.5	31.4	33.3	35.1							
2750	22	23.8	25.8	27.6	29.5	31.4	33.3	35.1							
2760	22	23.8	25.8	27.6	29.5	31.4	33.3	35.1							
2770	22	23.8	25.8	27.6	29.6	31.5	33.3	35.1							
2780	22	23.8	25.8	27.6	29.6	31.5	33.3	35.1							
2790	22	23.8	25.8	27.6	29.6	31.5	33.3	35.1							
2800	22	23.8	25.8	27.6	29.6	31.5	33.3	35.1							
2810	22	23.8	25.8	27.6	29.6	31.5	33.3	35.1							
2820	22	23.8	25.8	27.6	29.6	31.5	33.3	35.1							
2830	22	23.8	25.8	27.6	29.6	31.5	33.3	35.1							
2840	22	23.8	25.8	27.6	29.6	31.5	33.3	35.1							
2850	22	23.9	25.8	27.6	29.6	31.5	33.3	35.1							
2860	22	23.8	25.8	27.6	29.6	31.5	33.3	35.1							
2870	22	23.9	25.8	27.6	29.6	31.5	33.3	35.1							
2880	22	23.9	25.8	27.6	29.6	31.5	33.3	35.1							
2890	22	23.9	25.8	27.6	29.6	31.5	33.3	35.1							
2900	22	23.9	25.8	27.6	29.6	31.5	33.3	35.1							
2910	22.1	23.9	25.8	27.6	29.6	31.5	33.3	35.1							
2920	22.1	23.9	25.8	27.6	29.6	31.5	33.4	35.1							
2930	22	23.9	25.8	27.6	29.6	31.5	33.3	35.1							
2940	22	23.9	25.8	27.6	29.6	31.5	33.4	35.1							
2950	22	23.9	25.8	27.6	29.6	31.5	33.3	35.1							
2960	22	23.9	25.8	27.6	29.6	31.5	33.4	35.1							
2970	22	23.9	25.8	27.6	29.6	31.5	33.4	35.2							
2980	22	23.9	25.8	27.6	29.6	31.5	33.4	35.2							
2990	22.1	23.9	25.8	27.7	29.6	31.5	33.4	35.2							
3000	22.1	23.9	25.8	27.6	29.6	31.5	33.4	35.2							
3010	22.1	23.9	25.8	27.6	29.6	31.5	33.4	35.2							
3020	22.1	23.9	25.8	27.7	29.6	31.5	33.4	35.2							
3030	22.1	23.9	25.8	27.7	29.6	31.5	33.4	35.2							
3040	22.1	23.9	25.8	27.7	29.6	31.5	33.4	35.2							
3050	22.1	23.9	25.8	27.7	29.6	31.5	33.4	35.2							
3060	22.1	23.9	25.9	27.7	29.6	31.5	33.4	35.2							
3070	22.1	23.9	25.9	27.7	29.6	31.6	33.4	35.2							
3080	22.1	23.9	25.9	27.7	29.6	31.6	33.4	35.2							
3090	22.1	23.9	25.8	27.7	29.7	31.6	33.4	35.2							
3100	22.1	23.9	25.9	27.7	29.7	31.6	33.4	35.2							
3110	22.1	23.9	25.9	27.7	29.7	31.6	33.4	35.2							
3120	22.1	23.9	25.9	27.7	29.7	31.6	33.4	35.2							
3130	22.1	23.9	25.9	27.7	29.7	31.6	33.4	35.2							
3140	22.1	23.9	25.9	27.7	29.7	31.6	33.4	35.2							
3150	22.1	23.9	25.9	27.7	29.7	31.6	33.4	35.2							
3160	22.1	23.9	25.9	27.7	29.7	31.6	33.4	35.2							
3170	22.1	23.9	25.9	27.7	29.7	31.6	33.4	35.2							
3180	22.1	23.9	25.9	27.7	29.7	31.6	33.4	35.2							
3190	22.1	23.9	25.9	27.7	29.7	31.6	33.4	35.2							
3200	22.1	24	25.9	27.7	29.7	31.6	33.5	35.2							
3210	22.1	23.9	25.9	27.7	29.7	31.6	33.5	35.2							
3220	22.1	23.9	25.9	27.7	29.7	31.6	33.5	35.2							
3230	22.1	23.9	25.9	27.7	29.7	31.6	33.5	35.2							
3240	22.1	24	25.9	27.7	29.7	31.6	33.5	35.3							
3250	22.1	24	25.9	27.7	29.7	31.6	33.5	35.3							
3260	22.1	23.9	25.9	27.7	29.7	31.6	33.5	35.3							
3270	22.1	24	25.9	27.7	29.7	31.6	33.5	35.3							
3280	22.1	23.9	25.9	27.7	29.7	31.6	33.5	35.3							
3290	22.1	23.9	25.9	27.7	29.7	31.6	33.5	35.3							
3300	22.1	23.9	25.9	27.7	29.7	31.6	33.5	35.3							
3310	22.1	24	25.9	27.8	29.7	31.6	33.5	35.3							
3320	22.1	24	25.9	27.7	29.7	31.6	33.5	35.3							
3330	22.1	23.9	25.9	27.7	29.7	31.6	33.5	35.3							
3340	22.1	23.9	25.9	27.7	29.7	31.6	33.5	35.3							
3350	22.1	24	25.9	27.7	29.7	31.6	33.5	35.3							
3360	22.1	24	25.9	27.8	29.7	31.6	33.5	35.3							
3370	22.1	24	25.9	27.8	29.7	31.7	33.5	35.3							
3380	22.2	24	25.9	27.8	29.7	31.6	33.5	35.3							
3390	22.1	24	25.9	27.8	29.7	31.6	33.5	35.3							
3400	22.2	24	25.9	27.8	29.7	31.7	33.5	35.3							
3410	22.1	24	25.9	27.8	29.7	31.7	33.5	35.3							
3420	22.1	24	25.9	27.8	29.7	31.7	33.5	35.3							
3430	22.1	24	25.9	27.8	29.7	31.7	33.5	35.3							
3440	22.1	24	25.9	27.8	29.7	31.7	33.5	35.3							
3450	22.1	24	25.9	27.8	29.7	31.7	33.5	35.3							
3460	22.1	24	25.9	27.8	29.8	31.7	33.5	35.3							
3470	22.1	24	25.9	27.8	29.7	31.7	33.5	35.3							
3480	22.1	24	25.9	27.8	29.7	31.7	33.5	35.3							
3490	22.1	24	25.9	27.8	29.8	31.7	33.5	35.3							
3500	22.1	24	25.9	27.8	29.7	31.7	33.5	35.3							
3510	22.1	24	25.9	27.8	29.8	31.7	33.5	35.3							
3520	22.1	24	25.9	27.8	29.8	31.7	33.5	35.3							
3530	22.2	24	25.9	27.8	29.8	31.7	33.5	35.3							
3540	22.2	24	25.9	27.8	29.8	31.7	33.5	35.3							
3550	22.2	24	25.9	27.8	29.8	31.7	33.5	35.3							
3560	22.2	24	26	27.8	29.8	31.7	33.5	35.3							
3570	22.1	24	25.9	27.8	29.8	31.7	33.5	35.4							
3580	22.1	24	26	27.8	29.8	31.7	33.5	35.3							
3590	22.1	24	25.9	27.8	29.8	31.7	33.5	35.3							
3600	22.1	24	25.9	27.8	29.8	31.7	33.5	35.3							
3610	22.1	24	25.9	27.8	29.8	31.7	33.5	35.3							
3620	22.1	24	25.9	27.8	29.8	31.7	33.5	35.4							
3630	22.1	24	25.9	27.8	29.8	31.7	33.6	35.4							
3640	22.1	24	25.9	27.8	29.8	31.7	33.6	35.4							
3650	22.1	24	25.9	27.8	29.8	31.7	33.6	35.4							
3660	22.1	24	25.9	27.8	29.8	31.7	33.5	35.4							
3670	22.1	24	25.9	27.8	29.8	31.7	33.6	35.4							
3680	22.1	24	25.9	27.8	29.8	31.7	33.5	35.4							
3690	22.1	24	25.9	27.8	29.8	31.7	33.6	35.4							
3700	22.1	24	25.9	27.8	29.8	31.7	33.5	35.4							
3710	22.1	24	25.9	27.8	29.8	31.7	33.5	35.4							
3720	22.1	24	25.9	27.8	29.8	31.7	33.6	35.4							
3730	22.1	24	25.9	27.8	29.8	31.7	33.6	35.4							
3740	22.1	24	26	27.8	29.8	31.7	33.5	35.4							
3750	22.1	24	25.9	27.8	29.8	31.7	33.6	35.4							
3760	22.1	24	25.9	27.8	29.8	31.7	33.6	35.4							
3770	22.1	24	25.9	27.8	29.8	31.7	33.6	35.4							
3780	22.1	24	25.9	27.8	29.8	31.7	33.6	35.4							
3790	22.1	24	25.9	27.8	29.8	31.7	33.6	35.4							
3800	22.1	24	25.9	27.8	29.8	31.7	33.6	35.4							
3810	22.1	24	25.9	27.8	29.8	31.7	33.6	35.4							
3820	22.1	24	25.9	27.8	29.8	31.7	33.6	35.4							
3830	22.1	24	25.9	27.8	29.8	31.7	33.6	35.4							
3840	22.1	24	25.9	27.8	29.8	31.7	33.6	35.4							
3850	22.1	24	25.9	27.8	29.8	31.7	33.6	35.4							
3860	22.1	24	25.9	27.8	29.8	31.7	33.6	35.4							
3870	22.1	24	25.9	27.8	29.8	31.7	33.6	35.4							
3880	22.1	24	26	27.8	29.8	31.7	33.6	35.4							
3890	22.1	24	25.9	27.8	29.8	31.7	33.6	35.4							
3900	22.1	24	25.9	27.8	29.8	31.7	33.6	35.4							
3910	22.1	24	26	27.8	29.8	31.7	33.6	35.4							
3920	22.1	24	25.9	27.8	29.8	31.7	33.6	35.4							
3930	22.1	24	25.9	27.8	29.8	31.7	33.6	35.4							
3940	22.1	23.9	25.9	27.8	29.8	31.7	33.6	35.4							
3950	22.1	23.9	25.9	27.8	29.8	31.7	33.6	35.4							
3960	22.1	24	25.9	27.8	29.8	31.7	33.6	35.4							
3970	22.1	23.9	25.9	27.8	29.8	31.7	33.6	35.4							
3980	22.1	23.9	25.9	27.8	29.8	31.7	33.6	35.4							
3990	22.1	23.9	25.9	27.8	29.8	31.7	33.6	35.4							
4000	22.1	23.9	25.9	27.8	29.8	31.7	33.5	35.4							
4010	22.1	23.9	25.9	27.8	29.8	31.7	33.6	35.4							
4020	22.1	23.9	25.9	27.8	29.8	31.7	33.6	35.4							
4030	22.1	24	25.9	27.8	29.8	31.7	33.6	35.4							
4040	22.1	24	25.9	27.8	29.8	31.7	33.6	35.4							
4050	22.1	23.9	25.9	27.8	29.8	31.7	33.6	35.4							
4060	22.1	23.9	25.9	27.8	29.8	31.7	33.5	35.4							
4070	22.1	24	25.9	27.8	29.8	31.7	33.5	35.4							
4080	22.1	23.9	25.9	27.8	29.8	31.7	33.6	35.4							
4090	22.1	23.9	25.9	27.8	29.8	31.7	33.5	35.4							
4100	22.1	23.9	25.9	27.8	29.8	31.7	33.6	35.4							
4110	22.1	23.9	25.9	27.8	29.8	31.7	33.6	35.4							
4120	22.1	23.9	25.9	27.8	29.7	31.7	33.5	35.4							
4130	22.1	23.9	25.9	27.8	29.7	31.7	33.6	35.4							
4140	22.1	23.9	25.9	27.8	29.8	31.7	33.6	35.4							
4150	22.1	23.9	25.9	27.8	29.7	31.7	33.5	35.4							
4160	22.1	23.9	25.9	27.8	29.8	31.7	33.6	35.4							
4170	22.1	23.9	25.9	27.8	29.8	31.7	33.6	35.4							
4180	22.1	23.9	25.9	27.7	29.8	31.7	33.5	35.4							
4190	22.1	23.9	25.9	27.8	29.8	31.7	33.6	35.4							
4200	22.1	23.9	25.9	27.8	29.7	31.7	33.6	35.4							
4210	22.1	24	25.9	27.8	29.8	31.7	33.6	35.4							
4220	22.1	23.9	25.9	27.8	29.8	31.7	33.5	35.4							
4230	22.1	23.9	25.9	27.8	29.8	31.7	33.5	35.4							
4240	22.1	23.9	25.9	27.8	29.8	31.7	33.5	35.4							
4250	22.1	23.9	25.9	27.8	29.8	31.7	33.5	35.4							
4260	22.1	23.9	25.9	27.8	29.8	31.7	33.6	35.4							
4270	22.1	23.9	25.9	27.8	29.8	31.7	33.6	35.4							
4280	22.1	23.9	25.9	27.8	29.8	31.7	33.6	35.4							
4290	22.1	23.9	25.9	27.8	29.8	31.7	33.5	35.4							
4300	22.1	23.9	25.9	27.7	29.7	31.7	33.5	35.4							
4310	22.1	23.9	25.9	27.8	29.8	31.7	33.5	35.4							
4320	22.1	23.9	25.9	27.8	29.8	31.7	33.5	35.4							
4330	22.1	23.9	25.9	27.8	29.8	31.7	33.5	35.4							
4340	22.1	24	25.9	27.8	29.8	31.7	33.6	35.4							
4350	22.1	24	25.9	27.8	29.8	31.7	33.6	35.4							
4360	22.1	24	25.9	27.8	29.8	31.7	33.6	35.4							
4370	22.1	24	25.9	27.8	29.8	31.7	33.6	35.4							
4380	22.1	24	25.9	27.8	29.8	31.7	33.6	35.4							
4390	22.1	24	25.9	27.8	29.8	31.7	33.6	35.4							
4400	22.1	24	25.9	27.8	29.8	31.7	33.6	35.4							
4410	22.1	24	25.9	27.8	29.8	31.7	33.6	35.4							
4420	22.1	24	25.9	27.8	29.8	31.7	33.6	35.4							
4430	22.1	24	25.9	27.8	29.8	31.7	33.6	35.4							
4440	22.1	23.9	25.9	27.8	29.8	31.7	33.6	35.4							
4450	22.1	23.9	25.9	27.8	29.8	31.7	33.6	35.4							
4460	22.1	23.9	25.9	27.8	29.8	31.7	33.6	35.4							
4470	22.1	23.9	25.9	27.8	29.8	31.7	33.6	35.4							
4480	22.1	24	25.9	27.8	29.8	31.7	33.6	35.4							
4490	22.1	23.9	25.9	27.8	29.8	31.7	33.6	35.4							
4500	22.1	24	25.9	27.8	29.8	31.7	33.6	35.4							
4510	22.1	23.9	25.9	27.8	29.8	31.7	33.6	35.4							
4520	22.1	23.9	25.9	27.8	29.8	31.7	33.6	35.4							
4530	22.1	24	25.9	27.8	29.8	31.7	33.6	35.4							
4540	22.1	23.9	25.9	27.8	29.8	31.7	33.6	35.4							
4550	22.1	23.9	25.9	27.8	29.8	31.7	33.6	35.4							
4560	22.1	23.9	25.9	27.8	29.8	31.7	33.6	35.4							
4570	22.1	23.9	25.9	27.8	29.8	31.7	33.6	35.4							
4580	22.1	23.9	25.9	27.8	29.8	31.7	33.6	35.4							
4590	22.1	23.9	25.9	27.8	29.8	31.7	33.6	35.4							
4600	22.1	23.9	25.9	27.8	29.8	31.7	33.6	35.4							
4610	22.1	23.9	25.9	27.8	29.8	31.7	33.6	35.4							
4620	22.1	23.9	25.9	27.8	29.8	31.7	33.6	35.4							
4630	22.1	23.9	25.9	27.8	29.8	31.7	33.6	35.4							
4640	22.1	23.9	25.9	27.8	29.8	31.7	33.6	35.4							
4650	22.1	23.9	25.9	27.8	29.8	31.7	33.6	35.4							
4660	22.1	24	25.9	27.8	29.8	31.7	33.6	35.4							
4670	22.1	24	25.9	27.8	29.8	31.7	33.6	35.4							
4680	22.1	23.9	25.9	27.8	29.8	31.7	33.6	35.4							
4690	22.1	23.9	25.9	27.8	29.8	31.7	33.6	35.4							
4700	22.1	23.9	25.9	27.8	29.8	31.7	33.6	35.4							
4710	22.1	23.9	25.9	27.8	29.8	31.7	33.6	35.4							
4720	22.1	23.9	25.9	27.8	29.8	31.7	33.6	35.4							
4730	22.1	23.9	25.9	27.8	29.8	31.7	33.6	35.4							
4740	22.1	23.9	25.9	27.8	29.8	31.7	33.6	35.4							
4750	22.1	23.9	25.9	27.8	29.8	31.7	33.6	35.4							
4760	22.1	23.9	25.9	27.8	29.8	31.7	33.6	35.4							
4770	22.1	23.9	25.9	27.8	29.7	31.7	33.6	35.4							
4780	22.1	23.9	25.9	27.8	29.8	31.7	33.6	35.4							
4790	22.1	23.9	25.9	27.8	29.8	31.7	33.6	35.4							
4800	22.1	23.9	25.9	27.8	29.8	31.7	33.6	35.4							
4810	22.1	23.9	25.9	27.8	29.8	31.7	33.6	35.4							
4820	22.1	23.9	25.9	27.8	29.8	31.7	33.6	35.4							
4830	22.1	23.9	25.9	27.8	29.7	31.7	33.6	35.4							
4840	22.1	23.9	25.9	27.8	29.7	31.7	33.5	35.4							
4850	22.1	23.9	25.9	27.8	29.8	31.7	33.5	35.4							
4860	22.1	23.9	25.9	27.8	29.7	31.7	33.5	35.4							
4870	22.1	24	25.9	27.8	29.8	31.7	33.6	35.4							
4880	22.1	23.9	25.9	27.8	29.8	31.7	33.5	35.4							
4890	22.1	23.9	25.9	27.8	29.8	31.7	33.5	35.4							
4900	22.1	24	25.9	27.8	29.8	31.7	33.6	35.4							
4910	22.1	24	25.9	27.8	29.7	31.7	33.5	35.4							
4920	22.1	23.9	25.9	27.8	29.8	31.7	33.6	35.4							
4930	22.1	23.9	25.9	27.8	29.8	31.7	33.6	35.4							
4940	22.1	24	25.9	27.8	29.8	31.7	33.6	35.4							
4950	22.1	24	25.9	27.8	29.8	31.7	33.6	35.4							
4960	22.1	24	25.9	27.8	29.8	31.7	33.6	35.4							
4970	22.1	24	25.9	27.8	29.8	31.7	33.6	35.4							
4980	22.1	24	26	27.8	29.8	31.7	33.6	35.4							
4990	22.1	24	26	27.8	29.8	31.7	33.6	35.4							
5000	22.1	24	25.9	27.8	29.8	31.7	33.6	35.4							
5010	22.1	24	25.9	27.8	29.8	31.7	33.6	35.4							
5020	22.1	24	25.9	27.8	29.8	31.7	33.6	35.4							
5030	22.1	24	25.9	27.8	29.8	31.7	33.6	35.4							
5040	22.1	24	25.9	27.8	29.8	31.7	33.6	35.4							
5050	22.1	24	26	27.8	29.8	31.7	33.6	35.4							
5060	22.1	24	26	27.8	29.8	31.7	33.6	35.4							
5070	22.1	24	26	27.8	29.8	31.7	33.6	35.4							
5080	22.1	24	25.9	27.8	29.8	31.7	33.5	35.4							
5090	22.1	24	26	27.8	29.8	31.7	33.6	35.4							
5100	22.1	24	25.9	27.8	29.8	31.7	33.5	35.4							
5110	22.1	24	26	27.8	29.8	31.7	33.6	35.4							
5120	22.1	24	25.9	27.8	29.8	31.7	33.6	35.4							
5130	22.1	24	25.9	27.8	29.8	31.7	33.6	35.4							
5140	22.1	24	25.9	27.8	29.8	31.7	33.6	35.4							
5150	22.1	24	25.9	27.8	29.8	31.7	33.6	35.4							
5160	22.1	24	25.9	27.8	29.8	31.7	33.6	35.4							
5170	22.1	24	25.9	27.8	29.8	31.7	33.6	35.4							
5180	22.1	24	25.9	27.8	29.8	31.7	33.6	35.4							
5190	22.1	24	25.9	27.8	29.8	31.7	33.6	35.4							
5200	22.1	24	25.9	27.8	29.8	31.7	33.6	35.4							
5210	22.1	24	26	27.8	29.8	31.7	33.6	35.4							
5220	22.1	23.9	25.9	27.8	29.8	31.7	33.6	35.4							
5230	22.1	23.9	25.9	27.8	29.8	31.7	33.6	35.4							
5240	22.1	23.9	25.9	27.8	29.8	31.7	33.6	35.4							
5250	22.1	23.9	25.9	27.8	29.8	31.7	33.6	35.4							
5260	22.1	23.9	25.9	27.8	29.8	31.7	33.6	35.4							
5270	22.1	23.9	25.9	27.7	29.8	31.7	33.5	35.4							
5280	22.1	23.9	25.9	27.7	29.8	31.7	33.6	35.4							
5290	22	23.9	25.9	27.7	29.7	31.7	33.6	35.4							
5300	22	23.9	25.9	27.7	29.7	31.7	33.5	35.4							
5310	22	23.9	25.9	27.7	29.7	31.7	33.5	35.4							
5320	22	23.9	25.9	27.7	29.7	31.7	33.5	35.4							
5330	22	23.9	25.9	27.7	29.7	31.7	33.5	35.4							
5340	22	23.9	25.9	27.7	29.7	31.7	33.5	35.4							
5350	22	23.9	25.9	27.7	29.7	31.7	33.5	35.4							
5360	22	23.9	25.9	27.7	29.7	31.7	33.5	35.4							
5370	22	23.9	25.9	27.7	29.7	31.7	33.5	35.4							
5380	22	23.9	25.9	27.7	29.7	31.7	33.5	35.4							
5390	22	23.9	25.9	27.7	29.7	31.7	33.5	35.4							
5400	22	23.8	25.8	27.7	29.7	31.6	33.5	35.4							
5410	22	23.8	25.8	27.7	29.7	31.6	33.5	35.4							
5420	22	23.8	25.9	27.7	29.7	31.7	33.5	35.4							
5430	22	23.9	25.9	27.7	29.7	31.6	33.5	35.4							
5440	22	23.8	25.9	27.7	29.7	31.6	33.5	35.4							
5450	22	23.9	25.8	27.7	29.7	31.6	33.5	35.4							
5460	22	23.9	25.8	27.7	29.7	31.6	33.5	35.4							
5470	22	23.9	25.9	27.7	29.7	31.6	33.5	35.4							
5480	22	23.9	25.8	27.7	29.7	31.6	33.5	35.4							
5490	22	23.8	25.8	27.7	29.7	31.6	33.5	35.4							
5500	22	23.8	25.8	27.7	29.7	31.6	33.5	35.3							
5510	22	23.8	25.8	27.7	29.7	31.6	33.5	35.3							
5520	22	23.8	25.8	27.7	29.7	31.6	33.5	35.3							
5530	22	23.8	25.8	27.7	29.7	31.6	33.5	35.4							
5540	22	23.8	25.8	27.7	29.7	31.6	33.5	35.3							
5550	22	23.8	25.8	27.7	29.7	31.6	33.5	35.3							
5560	22	23.8	25.8	27.7	29.7	31.6	33.5	35.3							
5570	22	23.8	25.8	27.7	29.7	31.6	33.5	35.3							
5580	22	23.8	25.8	27.7	29.7	31.6	33.5	35.3							
5590	22	23.8	25.8	27.7	29.7	31.6	33.5	35.3							
5600	22	23.8	25.8	27.7	29.7	31.6	33.5	35.3							
5610	22	23.8	25.8	27.7	29.7	31.6	33.5	35.3							
5620	22	23.8	25.8	27.7	29.7	31.6	33.5	35.3							
5630	22	23.8	25.8	27.7	29.7	31.6	33.5	35.3							
5640	22	23.8	25.8	27.7	29.7	31.6	33.5	35.3							
5650	22	23.8	25.8	27.7	29.7	31.6	33.5	35.3							
5660	22	23.8	25.8	27.7	29.7	31.6	33.5	35.3							
5670	22	23.8	25.8	27.7	29.7	31.6	33.5	35.3							
5680	22	23.8	25.8	27.7	29.7	31.6	33.5	35.3							
5690	22	23.8	25.8	27.7	29.7	31.6	33.5	35.3							
5700	22	23.8	25.8	27.7	29.7	31.6	33.5	35.3							
5710	22	23.9	25.8	27.7	29.7	31.6	33.5	35.3							
5720	22	23.9	25.8	27.7	29.7	31.6	33.5	35.3							
5730	22	23.9	25.8	27.7	29.7	31.6	33.5	35.3							
5740	22	23.9	25.9	27.7	29.7	31.6	33.5	35.3							
5750	22	23.9	25.9	27.7	29.7	31.6	33.5	35.3							
5760	22	23.9	25.8	27.7	29.7	31.6	33.5	35.3							
5770	22	23.9	25.8	27.7	29.7	31.6	33.5	35.3							
5780	22	23.9	25.8	27.7	29.7	31.6	33.5	35.3							
5790	22	23.9	25.8	27.7	29.7	31.6	33.5	35.3							
5800	22	23.9	25.9	27.7	29.7	31.6	33.5	35.3							
5810	22	23.9	25.8	27.7	29.7	31.6	33.5	35.3							
5820	22	23.9	25.8	27.7	29.7	31.6	33.5	35.3							
5830	22	23.9	25.9	27.7	29.7	31.6	33.5	35.3							
5840	22	23.9	25.9	27.7	29.7	31.6	33.5	35.3							
