%Time (sec)	TC 1	TC 2	TC 3	TC 4	TC 5	TC 6	TC 7 	TC 8 - Near Heater						10/11/2019	12:26 PM
0	17.6	18.1	18.3	18.6	18.9	19.2	19.3	19.5							
10	17.6	18.1	18.3	18.6	18.9	19.2	19.3	19.5							
20	17.6	18.1	18.3	18.6	18.9	19.2	19.3	19.5							
30	17.6	18.1	18.3	18.6	18.9	19.2	19.3	19.5							
40	17.6	18.1	18.3	18.6	18.9	19.2	19.4	19.6							
50	17.6	18.1	18.3	18.6	18.9	19.2	19.3	19.6							
60	17.6	18.1	18.3	18.6	18.9	19.2	19.3	19.6							
70	17.6	18.1	18.3	18.7	18.9	19.2	19.3	19.6							
80	17.6	18.1	18.3	18.6	18.9	19.2	19.3	19.6							
90	17.6	18.1	18.3	18.6	18.9	19.2	19.3	19.5							
100	17.6	18.1	18.3	18.7	18.9	19.2	19.3	19.6							
110	17.6	18.1	18.3	18.6	18.9	19.2	19.4	19.6							
120	17.6	18.1	18.3	18.6	18.9	19.2	19.3	19.6							
130	17.6	18.1	18.3	18.6	18.9	19.2	19.3	19.6							
140	17.6	18.1	18.3	18.6	18.9	19.2	19.3	19.6							
150	17.6	18.1	18.3	18.6	18.9	19.2	19.3	19.6							
160	17.6	18.1	18.3	18.6	18.9	19.2	19.4	19.6							
170	17.6	18.1	18.3	18.7	18.9	19.2	19.4	19.6							
180	17.6	18.1	18.3	18.6	18.9	19.2	19.3	19.6							
190	17.6	18.1	18.3	18.7	18.9	19.2	19.3	19.6							
200	17.6	18.1	18.3	18.6	18.9	19.2	19.3	19.5							
210	17.6	18.1	18.3	18.6	18.9	19.2	19.3	19.6							
220	17.6	18.1	18.3	18.6	18.9	19.2	19.4	19.6							
230	17.6	18.1	18.3	18.6	18.9	19.2	19.3	19.5							
240	17.6	18.1	18.3	18.6	18.9	19.2	19.3	19.6							
250	17.6	18.1	18.3	18.6	18.9	19.2	19.3	19.6							
260	17.6	18.1	18.3	18.6	18.9	19.2	19.3	19.6							
270	17.6	18.1	18.3	18.6	18.9	19.2	19.3	19.6							
280	17.6	18.1	18.3	18.6	18.9	19.2	19.4	19.6							
290	17.6	18.1	18.3	18.7	18.9	19.2	19.4	19.7							
300	17.6	18.1	18.3	18.6	18.9	19.2	19.4	19.7							
310	17.6	18.1	18.3	18.6	18.9	19.2	19.4	19.8							
320	17.6	18.1	18.3	18.6	18.9	19.2	19.4	19.8							
330	17.6	18.1	18.3	18.6	18.9	19.2	19.4	19.9							
340	17.6	18.1	18.3	18.6	18.9	19.2	19.5	20							
350	17.6	18.1	18.3	18.6	18.9	19.3	19.5	20							
360	17.6	18.1	18.3	18.6	18.9	19.3	19.5	20.1							
370	17.6	18.1	18.3	18.6	18.9	19.3	19.6	20.2							
380	17.6	18.1	18.3	18.6	18.9	19.3	19.6	20.3							
390	17.6	18.1	18.3	18.6	18.9	19.3	19.7	20.4							
400	17.6	18.1	18.4	18.7	18.9	19.4	19.8	20.5							
410	17.6	18.1	18.3	18.7	18.9	19.4	19.8	20.6							
420	17.6	18.1	18.4	18.7	19	19.4	19.9	20.7							
430	17.6	18.1	18.4	18.7	19	19.5	19.9	20.8							
440	17.6	18.1	18.4	18.7	19	19.5	20	20.9							
450	17.6	18.1	18.4	18.7	19	19.5	20.1	21							
460	17.6	18.1	18.4	18.7	19	19.6	20.1	21.1							
470	17.6	18.1	18.4	18.7	19.1	19.6	20.2	21.3							
480	17.6	18.1	18.4	18.8	19.1	19.7	20.3	21.4							
490	17.6	18.1	18.4	18.8	19.1	19.7	20.4	21.5							
500	17.6	18.1	18.4	18.8	19.2	19.8	20.4	21.6							
510	17.6	18.1	18.4	18.8	19.2	19.8	20.5	21.7							
520	17.6	18.1	18.4	18.8	19.2	19.9	20.6	21.8							
530	17.6	18.1	18.4	18.9	19.3	19.9	20.7	22							
540	17.6	18.1	18.4	18.9	19.3	20	20.8	22.1							
550	17.6	18.1	18.5	18.9	19.4	20	20.9	22.2							
560	17.6	18.1	18.5	18.9	19.4	20.1	21	22.3							
570	17.6	18.1	18.5	18.9	19.4	20.1	21	22.4							
580	17.6	18.1	18.5	19	19.5	20.2	21.1	22.5							
590	17.6	18.1	18.5	19	19.5	20.3	21.2	22.6							
600	17.6	18.2	18.5	19	19.6	20.3	21.3	22.8							
610	17.6	18.2	18.6	19.1	19.6	20.4	21.4	22.9							
620	17.7	18.2	18.6	19.1	19.7	20.4	21.5	23							
630	17.7	18.2	18.6	19.1	19.7	20.5	21.6	23.1							
640	17.7	18.2	18.6	19.2	19.8	20.6	21.7	23.2							
650	17.7	18.2	18.7	19.2	19.8	20.6	21.7	23.3							
660	17.7	18.2	18.7	19.2	19.8	20.7	21.8	23.4							
670	17.7	18.3	18.7	19.3	19.9	20.8	21.9	23.6							
680	17.7	18.3	18.7	19.3	20	20.9	22	23.7							
690	17.7	18.3	18.7	19.3	20	20.9	22.1	23.8							
700	17.7	18.3	18.8	19.4	20.1	21	22.2	23.9							
710	17.7	18.3	18.8	19.4	20.1	21.1	22.3	24							
720	17.7	18.3	18.8	19.4	20.2	21.1	22.4	24.1							
730	17.8	18.4	18.9	19.5	20.2	21.2	22.5	24.3							
740	17.8	18.4	18.9	19.5	20.3	21.3	22.6	24.4							
750	17.8	18.4	18.9	19.6	20.3	21.3	22.7	24.5							
760	17.8	18.4	19	19.6	20.4	21.4	22.8	24.6							
770	17.8	18.4	19	19.7	20.4	21.5	22.8	24.7							
780	17.8	18.4	19	19.7	20.5	21.6	22.9	24.8							
790	17.8	18.5	19	19.7	20.6	21.6	23	24.9							
800	17.8	18.5	19.1	19.8	20.6	21.7	23.1	25							
810	17.9	18.5	19.1	19.8	20.7	21.8	23.2	25.1							
820	17.9	18.5	19.1	19.9	20.7	21.9	23.3	25.2							
830	17.9	18.6	19.2	19.9	20.8	21.9	23.4	25.3							
840	17.9	18.6	19.2	20	20.9	22	23.5	25.5							
850	17.9	18.6	19.2	20	20.9	22.1	23.6	25.6							
860	17.9	18.6	19.3	20	21	22.1	23.7	25.7							
870	18	18.6	19.3	20.1	21	22.2	23.7	25.8							
880	18	18.7	19.3	20.1	21.1	22.3	23.8	25.9							
890	18	18.7	19.4	20.2	21.2	22.4	23.9	26							
900	18	18.7	19.4	20.2	21.2	22.4	24	26.1							
910	18	18.7	19.4	20.3	21.3	22.5	24.1	26.2							
920	18	18.8	19.5	20.3	21.3	22.6	24.2	26.3							
930	18	18.8	19.5	20.4	21.4	22.7	24.3	26.4							
940	18.1	18.8	19.5	20.4	21.5	22.7	24.4	26.5							
950	18.1	18.8	19.6	20.5	21.5	22.8	24.5	26.6							
960	18.1	18.9	19.6	20.5	21.6	22.9	24.5	26.7							
970	18.1	18.9	19.7	20.6	21.7	23	24.6	26.8							
980	18.1	18.9	19.7	20.6	21.7	23	24.7	26.9							
990	18.2	18.9	19.7	20.7	21.8	23.1	24.8	27							
1000	18.2	19	19.8	20.7	21.8	23.2	24.9	27.1							
1010	18.2	19	19.8	20.8	21.9	23.2	25	27.2							
1020	18.2	19	19.8	20.8	22	23.3	25.1	27.3							
1030	18.2	19.1	19.9	20.9	22	23.4	25.2	27.4							
1040	18.3	19.1	19.9	20.9	22.1	23.5	25.2	27.5							
1050	18.3	19.1	20	21	22.2	23.5	25.3	27.6							
1060	18.3	19.1	20	21	22.2	23.6	25.4	27.7							
1070	18.3	19.2	20	21.1	22.3	23.7	25.5	27.8							
1080	18.3	19.2	20.1	21.1	22.3	23.8	25.6	27.9							
1090	18.4	19.2	20.1	21.2	22.4	23.8	25.7	28							
1100	18.4	19.3	20.2	21.2	22.5	23.9	25.7	28.1							
1110	18.4	19.3	20.2	21.3	22.5	24	25.8	28.1							
1120	18.4	19.3	20.2	21.3	22.6	24	25.9	28.2							
1130	18.4	19.3	20.3	21.4	22.7	24.1	26	28.3							
1140	18.5	19.4	20.3	21.4	22.7	24.2	26.1	28.4							
1150	18.5	19.4	20.4	21.5	22.8	24.2	26.1	28.5							
1160	18.5	19.4	20.4	21.5	22.8	24.3	26.2	28.6							
1170	18.5	19.5	20.4	21.6	22.9	24.4	26.3	28.7							
1180	18.6	19.5	20.5	21.6	23	24.5	26.4	28.8							
1190	18.6	19.5	20.5	21.7	23	24.5	26.5	28.9							
1200	18.6	19.5	20.6	21.7	23.1	24.6	26.5	29							
1210	18.6	19.6	20.6	21.8	23.1	24.7	26.6	29.1							
1220	18.7	19.6	20.6	21.8	23.2	24.7	26.7	29.2							
1230	18.7	19.6	20.7	21.9	23.3	24.8	26.8	29.2							
1240	18.7	19.7	20.7	21.9	23.3	24.9	26.9	29.3							
1250	18.7	19.7	20.8	22	23.4	25	26.9	29.4							
1260	18.7	19.7	20.8	22	23.4	25	27	29.5							
1270	18.8	19.8	20.8	22.1	23.5	25.1	27.1	29.6							
1280	18.8	19.8	20.9	22.1	23.6	25.1	27.2	29.7							
1290	18.8	19.8	20.9	22.2	23.6	25.2	27.3	29.7							
1300	18.8	19.9	21	22.2	23.7	25.3	27.3	29.9							
1310	18.9	19.9	21	22.3	23.7	25.4	27.4	29.9							
1320	18.9	19.9	21	22.3	23.8	25.4	27.5	30							
1330	18.9	20	21.1	22.4	23.9	25.5	27.6	30.1							
1340	18.9	20	21.1	22.4	23.9	25.6	27.6	30.2							
1350	18.9	20	21.2	22.5	24	25.6	27.7	30.3							
1360	19	20	21.2	22.5	24	25.7	27.8	30.3							
1370	19	20.1	21.3	22.6	24.1	25.8	27.9	30.4							
1380	19	20.1	21.3	22.6	24.2	25.8	27.9	30.5							
1390	19	20.1	21.3	22.7	24.2	25.9	28	30.6							
1400	19.1	20.2	21.4	22.7	24.3	26	28.1	30.7							
1410	19.1	20.2	21.4	22.8	24.3	26	28.1	30.7							
1420	19.1	20.2	21.5	22.8	24.4	26.1	28.2	30.8							
1430	19.1	20.3	21.5	22.9	24.4	26.1	28.3	30.9							
1440	19.2	20.3	21.6	22.9	24.5	26.2	28.4	31							
1450	19.2	20.3	21.6	23	24.6	26.3	28.4	31.1							
1460	19.2	20.4	21.6	23	24.6	26.3	28.5	31.1							
1470	19.2	20.4	21.7	23.1	24.7	26.4	28.6	31.2							
1480	19.2	20.4	21.7	23.1	24.7	26.5	28.7	31.3							
1490	19.3	20.4	21.7	23.2	24.8	26.5	28.7	31.4							
1500	19.3	20.5	21.8	23.2	24.9	26.6	28.8	31.5							
1510	19.3	20.5	21.8	23.3	24.9	26.7	28.9	31.5							
1520	19.3	20.5	21.9	23.3	25	26.7	28.9	31.6							
1530	19.4	20.6	21.9	23.4	25	26.8	29	31.7							
1540	19.4	20.6	21.9	23.4	25.1	26.8	29.1	31.8							
1550	19.4	20.6	22	23.5	25.1	26.9	29.2	31.8							
1560	19.4	20.7	22	23.5	25.2	27	29.2	31.9							
1570	19.5	20.7	22.1	23.6	25.3	27	29.3	32							
1580	19.5	20.7	22.1	23.6	25.3	27.1	29.4	32.1							
1590	19.5	20.8	22.1	23.6	25.4	27.2	29.4	32.1							
1600	19.5	20.8	22.2	23.7	25.4	27.2	29.5	32.2							
1610	19.5	20.8	22.2	23.7	25.5	27.3	29.6	32.3							
1620	19.6	20.8	22.3	23.8	25.5	27.3	29.6	32.3							
1630	19.6	20.9	22.3	23.8	25.6	27.4	29.7	32.4							
1640	19.6	20.9	22.3	23.9	25.6	27.5	29.8	32.5							
1650	19.6	20.9	22.4	23.9	25.7	27.5	29.8	32.6							
1660	19.6	21	22.4	24	25.7	27.6	29.9	32.6							
1670	19.7	21	22.4	24	25.8	27.6	30	32.7							
1680	19.7	21	22.5	24.1	25.8	27.7	30	32.8							
1690	19.7	21	22.5	24.1	25.9	27.7	30.1	32.8							
1700	19.7	21.1	22.5	24.1	25.9	27.8	30.1	32.9							
1710	19.7	21.1	22.6	24.2	26	27.8	30.2	33							
1720	19.8	21.1	22.6	24.2	26.1	27.9	30.3	33.1							
1730	19.8	21.1	22.7	24.3	26.1	28	30.3	33.1							
1740	19.8	21.2	22.7	24.3	26.2	28	30.4	33.2							
1750	19.8	21.2	22.7	24.4	26.2	28.1	30.5	33.3							
1760	19.9	21.2	22.8	24.4	26.3	28.2	30.5	33.3							
1770	19.9	21.3	22.8	24.5	26.3	28.2	30.6	33.4							
1780	19.9	21.3	22.9	24.5	26.4	28.3	30.7	33.5							
1790	19.9	21.3	22.9	24.5	26.4	28.3	30.7	33.5							
1800	19.9	21.4	22.9	24.6	26.5	28.4	30.8	33.6							
1810	20	21.4	23	24.6	26.5	28.4	30.8	33.7							
1820	20	21.4	23	24.7	26.6	28.5	30.9	33.7							
1830	20	21.4	23	24.7	26.6	28.5	31	33.8							
1840	20	21.5	23.1	24.8	26.7	28.6	31	33.9							
1850	20.1	21.5	23.1	24.8	26.7	28.6	31.1	33.9							
1860	20.1	21.5	23.1	24.8	26.8	28.7	31.1	34							
1870	20.1	21.5	23.2	24.9	26.8	28.8	31.2	34							
1880	20.1	21.6	23.2	24.9	26.9	28.8	31.3	34.1							
1890	20.1	21.6	23.2	25	26.9	28.8	31.3	34.2							
1900	20.2	21.6	23.3	25	27	28.9	31.4	34.3							
1910	20.2	21.6	23.3	25	27	29	31.4	34.3							
1920	20.2	21.7	23.3	25.1	27	29	31.5	34.4							
1930	20.2	21.7	23.4	25.1	27.1	29.1	31.6	34.4							
1940	20.2	21.8	23.4	25.2	27.2	29.1	31.6	34.5							
1950	20.3	21.8	23.5	25.2	27.2	29.2	31.7	34.6							
1960	20.3	21.8	23.5	25.3	27.2	29.2	31.7	34.6							
1970	20.3	21.8	23.5	25.3	27.3	29.3	31.8	34.7							
1980	20.3	21.8	23.5	25.3	27.3	29.3	31.8	34.7							
1990	20.3	21.9	23.6	25.4	27.4	29.4	31.9	34.8							
2000	20.3	21.9	23.6	25.4	27.4	29.4	31.9	34.8							
2010	20.4	21.9	23.6	25.5	27.5	29.5	32	34.9							
2020	20.4	22	23.7	25.5	27.5	29.5	32.1	35							
2030	20.4	22	23.7	25.5	27.6	29.6	32.1	35							
2040	20.4	22	23.8	25.6	27.6	29.6	32.2	35.1							
2050	20.4	22	23.8	25.6	27.6	29.7	32.2	35.2							
2060	20.5	22	23.8	25.7	27.7	29.7	32.3	35.2							
2070	20.5	22.1	23.8	25.7	27.7	29.8	32.3	35.3							
2080	20.5	22.1	23.9	25.7	27.8	29.8	32.4	35.3							
2090	20.5	22.1	23.9	25.8	27.8	29.9	32.4	35.4							
2100	20.5	22.2	24	25.8	27.9	29.9	32.5	35.4							
2110	20.6	22.2	24	25.8	27.9	30	32.5	35.5							
2120	20.6	22.2	24	25.9	28	30	32.6	35.5							
2130	20.6	22.2	24	25.9	28	30.1	32.6	35.6							
2140	20.6	22.3	24.1	26	28.1	30.1	32.7	35.7							
2150	20.6	22.3	24.1	26	28.1	30.2	32.7	35.7							
2160	20.6	22.3	24.1	26	28.1	30.2	32.8	35.8							
2170	20.7	22.3	24.2	26.1	28.2	30.3	32.9	35.8							
2180	20.7	22.3	24.2	26.1	28.2	30.3	32.9	35.9							
2190	20.7	22.4	24.2	26.1	28.3	30.3	33	36							
2200	20.7	22.4	24.2	26.2	28.3	30.4	33	36							
2210	20.7	22.4	24.3	26.2	28.4	30.4	33.1	36.1							
2220	20.7	22.4	24.3	26.3	28.4	30.5	33.1	36.1							
2230	20.8	22.5	24.3	26.3	28.4	30.5	33.2	36.2							
2240	20.8	22.5	24.4	26.3	28.5	30.6	33.2	36.2							
2250	20.8	22.5	24.4	26.4	28.5	30.6	33.3	36.3							
2260	20.8	22.5	24.4	26.4	28.6	30.7	33.3	36.3							
2270	20.8	22.6	24.5	26.4	28.6	30.7	33.4	36.4							
2280	20.8	22.6	24.5	26.5	28.6	30.7	33.4	36.4							
2290	20.9	22.6	24.5	26.5	28.7	30.8	33.5	36.5							
2300	20.9	22.6	24.6	26.5	28.7	30.9	33.5	36.5							
2310	20.9	22.6	24.6	26.6	28.8	30.9	33.5	36.6							
2320	20.9	22.7	24.6	26.6	28.8	30.9	33.6	36.6							
2330	21	22.7	24.6	26.6	28.8	31	33.7	36.7							
2340	20.9	22.7	24.7	26.7	28.9	31	33.7	36.7							
2350	21	22.7	24.7	26.7	28.9	31.1	33.7	36.8							
2360	21	22.8	24.7	26.7	28.9	31.1	33.8	36.8							
2370	21	22.8	24.8	26.8	29	31.2	33.8	36.9							
2380	21	22.8	24.8	26.8	29	31.2	33.9	36.9							
2390	21.1	22.8	24.8	26.8	29.1	31.3	33.9	37							
2400	21.1	22.9	24.8	26.9	29.1	31.3	34	37							
2410	21.1	22.9	24.9	26.9	29.1	31.3	34	37.1							
2420	21.1	22.9	24.9	26.9	29.2	31.4	34.1	37.1							
2430	21.1	22.9	24.9	27	29.2	31.4	34.1	37.2							
2440	21.1	22.9	25	27	29.3	31.4	34.2	37.2							
2450	21.1	23	25	27	29.3	31.5	34.2	37.3							
2460	21.2	23	25	27.1	29.3	31.5	34.3	37.3							
2470	21.2	23	25	27.1	29.4	31.6	34.3	37.4							
2480	21.2	23	25.1	27.1	29.4	31.6	34.3	37.4							
2490	21.2	23	25.1	27.2	29.4	31.6	34.4	37.5							
2500	21.2	23.1	25.1	27.2	29.5	31.7	34.4	37.5							
2510	21.3	23.1	25.1	27.2	29.5	31.7	34.5	37.6							
2520	21.3	23.1	25.2	27.3	29.6	31.8	34.5	37.6							
2530	21.3	23.1	25.2	27.3	29.6	31.8	34.5	37.7							
2540	21.3	23.1	25.2	27.3	29.6	31.8	34.6	37.7							
2550	21.3	23.2	25.3	27.4	29.7	31.9	34.7	37.7							
2560	21.3	23.2	25.3	27.4	29.7	31.9	34.7	37.8							
2570	21.3	23.2	25.3	27.4	29.7	32	34.7	37.9							
2580	21.3	23.2	25.3	27.5	29.8	32	34.8	37.9							
2590	21.4	23.3	25.4	27.5	29.8	32	34.8	37.9							
2600	21.4	23.3	25.4	27.5	29.8	32.1	34.9	38							
2610	21.4	23.3	25.4	27.5	29.9	32.1	34.9	38							
2620	21.4	23.3	25.4	27.6	29.9	32.2	34.9	38.1							
2630	21.4	23.3	25.5	27.6	29.9	32.2	35	38.1							
2640	21.4	23.4	25.5	27.6	30	32.2	35	38.1							
2650	21.5	23.4	25.5	27.7	30	32.3	35.1	38.2							
2660	21.5	23.4	25.5	27.7	30	32.3	35.1	38.2							
2670	21.5	23.4	25.6	27.7	30.1	32.3	35.1	38.3							
2680	21.5	23.4	25.6	27.8	30.1	32.4	35.2	38.3							
2690	21.5	23.4	25.6	27.8	30.2	32.4	35.2	38.4							
2700	21.5	23.5	25.6	27.8	30.2	32.5	35.3	38.4							
2710	21.5	23.5	25.6	27.8	30.2	32.5	35.3	38.4							
2720	21.6	23.5	25.7	27.9	30.3	32.5	35.3	38.5							
2730	21.6	23.5	25.7	27.9	30.3	32.6	35.4	38.5							
2740	21.6	23.5	25.7	27.9	30.3	32.6	35.4	38.6							
2750	21.6	23.6	25.8	28	30.3	32.6	35.5	38.6							
2760	21.6	23.6	25.8	28	30.4	32.7	35.5	38.7							
2770	21.6	23.6	25.8	28	30.4	32.7	35.5	38.7							
2780	21.6	23.6	25.8	28	30.4	32.7	35.6	38.7							
2790	21.6	23.6	25.8	28.1	30.5	32.8	35.6	38.8							
2800	21.6	23.6	25.9	28.1	30.5	32.8	35.6	38.8							
2810	21.7	23.7	25.9	28.1	30.5	32.8	35.7	38.9							
2820	21.7	23.7	25.9	28.1	30.6	32.9	35.7	38.9							
2830	21.7	23.7	25.9	28.2	30.6	32.9	35.8	38.9							
2840	21.7	23.7	26	28.2	30.6	32.9	35.8	39							
2850	21.7	23.7	26	28.2	30.7	33	35.8	39							
2860	21.7	23.8	26	28.3	30.7	33	35.9	39.1							
2870	21.7	23.8	26	28.3	30.7	33	35.9	39.1							
2880	21.8	23.8	26	28.3	30.8	33.1	35.9	39.1							
2890	21.8	23.8	26.1	28.3	30.8	33.1	36	39.2							
2900	21.8	23.8	26.1	28.4	30.8	33.2	36	39.2							
2910	21.8	23.8	26.1	28.4	30.8	33.2	36.1	39.3							
2920	21.8	23.8	26.1	28.4	30.9	33.2	36.1	39.3							
2930	21.8	23.9	26.2	28.4	30.9	33.3	36.1	39.3							
2940	21.8	23.9	26.2	28.5	30.9	33.3	36.2	39.4							
2950	21.8	23.9	26.2	28.5	31	33.3	36.2	39.4							
2960	21.9	23.9	26.2	28.5	31	33.3	36.2	39.5							
2970	21.9	23.9	26.2	28.5	31	33.4	36.3	39.5							
2980	21.9	23.9	26.2	28.6	31.1	33.4	36.3	39.5							
2990	21.9	24	26.3	28.6	31.1	33.4	36.3	39.6							
3000	21.9	24	26.3	28.6	31.1	33.5	36.4	39.6							
3010	21.9	24	26.3	28.6	31.1	33.5	36.4	39.6							
3020	21.9	24	26.3	28.7	31.2	33.5	36.4	39.7							
3030	21.9	24	26.4	28.7	31.2	33.6	36.5	39.7							
3040	21.9	24	26.4	28.7	31.2	33.6	36.5	39.7							
3050	21.9	24.1	26.4	28.7	31.3	33.6	36.5	39.8							
3060	22	24.1	26.4	28.8	31.3	33.6	36.6	39.8							
3070	22	24.1	26.4	28.8	31.3	33.7	36.6	39.9							
3080	22	24.1	26.5	28.8	31.3	33.7	36.7	39.9							
3090	22	24.1	26.5	28.8	31.4	33.7	36.7	39.9							
3100	22	24.1	26.5	28.9	31.4	33.8	36.7	40							
3110	22	24.2	26.5	28.9	31.4	33.8	36.8	40							
3120	22	24.2	26.5	28.9	31.4	33.8	36.8	40							
3130	22	24.2	26.6	28.9	31.5	33.9	36.8	40.1							
3140	22	24.2	26.6	28.9	31.5	33.9	36.8	40.1							
3150	22.1	24.2	26.6	29	31.5	33.9	36.9	40.1							
3160	22.1	24.2	26.6	29	31.6	33.9	36.9	40.2							
3170	22.1	24.2	26.6	29	31.6	34	36.9	40.2							
3180	22.1	24.3	26.6	29	31.6	34	37	40.2							
3190	22.1	24.3	26.7	29.1	31.6	34	37	40.3							
3200	22.1	24.3	26.7	29.1	31.7	34.1	37	40.3							
3210	22.1	24.3	26.7	29.1	31.7	34.1	37	40.3							
3220	22.2	24.3	26.7	29.1	31.7	34.1	37.1	40.4							
3230	22.2	24.3	26.7	29.1	31.7	34.1	37.1	40.4							
3240	22.2	24.4	26.8	29.2	31.8	34.2	37.2	40.4							
3250	22.2	24.4	26.8	29.2	31.8	34.2	37.2	40.5							
3260	22.2	24.4	26.8	29.2	31.8	34.2	37.2	40.5							
3270	22.2	24.4	26.8	29.2	31.8	34.3	37.2	40.5							
3280	22.2	24.4	26.8	29.3	31.9	34.3	37.3	40.6							
3290	22.2	24.4	26.9	29.3	31.9	34.3	37.3	40.6							
3300	22.2	24.4	26.9	29.3	31.9	34.3	37.3	40.6							
3310	22.2	24.5	26.9	29.3	31.9	34.4	37.3	40.6							
3320	22.3	24.5	26.9	29.3	31.9	34.4	37.4	40.7							
3330	22.3	24.5	26.9	29.4	32	34.4	37.4	40.7							
3340	22.3	24.5	27	29.4	32	34.4	37.4	40.7							
3350	22.3	24.5	27	29.4	32	34.5	37.5	40.8							
3360	22.3	24.5	27	29.4	32.1	34.5	37.5	40.8							
3370	22.3	24.5	27	29.4	32.1	34.5	37.5	40.8							
3380	22.3	24.5	27	29.5	32.1	34.6	37.6	40.9							
3390	22.4	24.6	27	29.5	32.1	34.6	37.6	40.9							
3400	22.4	24.6	27.1	29.5	32.1	34.6	37.6	40.9							
3410	22.4	24.6	27.1	29.5	32.2	34.6	37.6	41							
3420	22.4	24.6	27.1	29.6	32.2	34.7	37.7	41							
3430	22.4	24.6	27.1	29.6	32.2	34.7	37.7	41							
3440	22.4	24.6	27.1	29.6	32.2	34.7	37.7	41							
3450	22.4	24.6	27.1	29.6	32.2	34.7	37.7	41.1							
3460	22.4	24.7	27.2	29.6	32.3	34.7	37.8	41.1							
3470	22.4	24.7	27.2	29.7	32.3	34.8	37.8	41.1							
3480	22.4	24.7	27.2	29.7	32.3	34.8	37.8	41.2							
3490	22.4	24.7	27.2	29.7	32.4	34.8	37.9	41.2							
3500	22.4	24.7	27.2	29.7	32.4	34.9	37.9	41.2							
3510	22.5	24.7	27.3	29.7	32.4	34.9	37.9	41.3							
3520	22.5	24.7	27.3	29.7	32.4	34.9	37.9	41.3							
3530	22.5	24.8	27.3	29.8	32.5	34.9	38	41.3							
3540	22.5	24.8	27.3	29.8	32.5	34.9	38	41.3							
3550	22.5	24.8	27.3	29.8	32.5	35	38	41.4							
3560	22.5	24.8	27.3	29.8	32.5	35	38	41.4							
3570	22.5	24.8	27.3	29.8	32.5	35	38.1	41.4							
3580	22.6	24.8	27.4	29.9	32.6	35.1	38.1	41.5							
3590	22.6	24.8	27.4	29.9	32.6	35.1	38.1	41.5							
3600	22.6	24.9	27.4	29.9	32.6	35.1	38.1	41.5							
3610	22.6	24.9	27.4	29.9	32.6	35.1	38.2	41.5							
3620	22.6	24.9	27.4	29.9	32.6	35.1	38.2	41.6							
3630	22.6	24.9	27.4	30	32.7	35.2	38.2	41.6							
3640	22.6	24.9	27.5	30	32.7	35.2	38.3	41.6							
3650	22.6	24.9	27.5	30	32.7	35.2	38.3	41.6							
3660	22.6	24.9	27.5	30	32.7	35.2	38.3	41.7							
3670	22.6	24.9	27.5	30	32.8	35.3	38.3	41.7							
3680	22.6	24.9	27.5	30	32.8	35.3	38.3	41.7							
3690	22.6	25	27.5	30.1	32.8	35.3	38.4	41.7							
3700	22.7	25	27.5	30.1	32.8	35.3	38.4	41.8							
3710	22.7	25	27.6	30.1	32.8	35.3	38.4	41.8							
3720	22.7	25	27.6	30.1	32.9	35.4	38.5	41.8							
3730	22.7	25	27.6	30.1	32.9	35.4	38.5	41.9							
3740	22.7	25	27.6	30.2	32.9	35.4	38.5	41.9							
3750	22.7	25	27.6	30.2	32.9	35.4	38.5	41.9							
3760	22.7	25	27.6	30.2	32.9	35.5	38.5	41.9							
3770	22.7	25.1	27.6	30.2	33	35.5	38.6	41.9							
3780	22.7	25.1	27.7	30.2	33	35.5	38.6	42							
3790	22.7	25.1	27.7	30.2	33	35.5	38.6	42							
3800	22.7	25.1	27.7	30.3	33	35.5	38.6	42							
3810	22.8	25.1	27.7	30.3	33	35.6	38.7	42.1							
3820	22.8	25.1	27.7	30.3	33	35.6	38.7	42.1							
3830	22.8	25.1	27.7	30.3	33.1	35.6	38.7	42.1							
3840	22.8	25.2	27.8	30.3	33.1	35.6	38.8	42.1							
3850	22.8	25.2	27.8	30.3	33.1	35.7	38.8	42.1							
3860	22.8	25.2	27.8	30.4	33.1	35.7	38.8	42.2							
3870	22.8	25.2	27.8	30.4	33.1	35.7	38.8	42.2							
3880	22.8	25.2	27.8	30.4	33.2	35.7	38.8	42.2							
3890	22.8	25.2	27.8	30.4	33.2	35.7	38.8	42.2							
3900	22.8	25.2	27.8	30.4	33.2	35.8	38.9	42.3							
3910	22.8	25.2	27.9	30.5	33.2	35.8	38.9	42.3							
3920	22.9	25.2	27.9	30.5	33.2	35.8	38.9	42.3							
3930	22.9	25.3	27.9	30.5	33.3	35.8	38.9	42.3							
3940	22.9	25.3	27.9	30.5	33.3	35.8	39	42.3							
3950	22.9	25.3	27.9	30.5	33.3	35.9	39	42.4							
3960	22.9	25.3	27.9	30.5	33.3	35.9	39	42.4							
3970	22.9	25.3	27.9	30.5	33.3	35.9	39	42.4							
3980	22.9	25.3	27.9	30.6	33.3	35.9	39	42.5							
3990	22.9	25.3	28	30.6	33.4	35.9	39.1	42.5							
4000	22.9	25.3	28	30.6	33.4	35.9	39.1	42.5							
4010	22.9	25.3	28	30.6	33.4	36	39.1	42.5							
4020	22.9	25.4	28	30.6	33.4	36	39.1	42.5							
4030	22.9	25.4	28	30.6	33.5	36	39.1	42.6							
4040	23	25.4	28	30.7	33.5	36	39.2	42.6							
4050	23	25.4	28	30.7	33.5	36	39.2	42.6							
4060	23	25.4	28	30.7	33.5	36.1	39.2	42.6							
4070	23	25.4	28.1	30.7	33.5	36.1	39.2	42.6							
4080	23	25.4	28.1	30.7	33.5	36.1	39.3	42.7							
4090	23	25.4	28.1	30.7	33.5	36.1	39.3	42.7							
4100	23	25.4	28.1	30.8	33.6	36.1	39.3	42.7							
4110	23	25.4	28.1	30.8	33.6	36.2	39.3	42.7							
4120	23	25.4	28.1	30.8	33.6	36.2	39.3	42.7							
4130	23	25.4	28.1	30.8	33.6	36.2	39.3	42.8							
4140	23	25.5	28.2	30.8	33.6	36.2	39.4	42.8							
4150	23	25.5	28.2	30.8	33.6	36.2	39.4	42.8							
4160	23.1	25.5	28.2	30.8	33.7	36.2	39.4	42.8							
4170	23.1	25.5	28.2	30.9	33.7	36.3	39.4	42.9							
4180	23.1	25.5	28.2	30.9	33.7	36.3	39.5	42.9							
4190	23.1	25.5	28.2	30.9	33.7	36.3	39.5	42.9							
4200	23.1	25.5	28.2	30.9	33.7	36.3	39.5	42.9							
4210	23.1	25.5	28.3	30.9	33.7	36.3	39.5	43							
4220	23.1	25.5	28.3	30.9	33.8	36.4	39.5	43							
4230	23.1	25.6	28.3	30.9	33.8	36.4	39.6	43							
4240	23.1	25.6	28.3	31	33.8	36.4	39.6	43							
4250	23.1	25.6	28.3	31	33.8	36.4	39.6	43							
4260	23.1	25.6	28.3	31	33.8	36.4	39.6	43.1							
4270	23.1	25.6	28.3	31	33.9	36.4	39.6	43.1							
4280	23.2	25.6	28.3	31	33.9	36.5	39.7	43.1							
4290	23.2	25.6	28.3	31	33.9	36.5	39.7	43.1							
4300	23.2	25.6	28.4	31	33.9	36.5	39.7	43.1							
4310	23.2	25.6	28.4	31.1	33.9	36.5	39.7	43.2							
4320	23.2	25.7	28.4	31.1	33.9	36.5	39.7	43.2							
4330	23.2	25.7	28.4	31.1	33.9	36.5	39.7	43.2							
4340	23.2	25.7	28.4	31.1	34	36.6	39.8	43.2							
4350	23.2	25.7	28.4	31.1	34	36.6	39.8	43.2							
4360	23.2	25.7	28.4	31.1	34	36.6	39.8	43.3							
4370	23.2	25.7	28.4	31.1	34	36.6	39.8	43.3							
4380	23.2	25.7	28.5	31.1	34	36.6	39.8	43.3							
4390	23.2	25.7	28.5	31.2	34	36.7	39.9	43.3							
4400	23.2	25.7	28.5	31.2	34.1	36.7	39.9	43.3							
4410	23.2	25.7	28.5	31.2	34.1	36.7	39.9	43.3							
4420	23.2	25.7	28.5	31.2	34.1	36.7	39.9	43.4							
4430	23.2	25.8	28.5	31.2	34.1	36.7	39.9	43.4							
4440	23.3	25.8	28.5	31.2	34.1	36.7	39.9	43.4							
4450	23.3	25.8	28.5	31.2	34.1	36.8	40	43.4							
4460	23.3	25.8	28.6	31.3	34.1	36.8	40	43.4							
4470	23.3	25.8	28.6	31.3	34.2	36.8	40	43.5							
4480	23.3	25.8	28.6	31.3	34.2	36.8	40	43.5							
4490	23.3	25.8	28.6	31.3	34.2	36.8	40	43.5							
4500	23.3	25.8	28.6	31.3	34.2	36.8	40	43.5							
4510	23.3	25.8	28.6	31.3	34.2	36.8	40.1	43.5							
4520	23.3	25.8	28.6	31.3	34.2	36.9	40.1	43.6							
4530	23.3	25.8	28.6	31.3	34.2	36.9	40.1	43.6							
4540	23.3	25.8	28.6	31.4	34.2	36.9	40.1	43.6							
4550	23.3	25.9	28.6	31.4	34.3	36.9	40.1	43.6							
4560	23.3	25.9	28.7	31.4	34.3	36.9	40.1	43.6							
4570	23.3	25.9	28.6	31.4	34.3	36.9	40.1	43.6							
4580	23.3	25.9	28.7	31.4	34.3	37	40.2	43.7							
4590	23.3	25.9	28.7	31.4	34.3	37	40.2	43.7							
4600	23.3	25.9	28.7	31.4	34.3	37	40.2	43.7							
4610	23.3	25.9	28.7	31.4	34.4	37	40.2	43.7							
4620	23.4	25.9	28.7	31.5	34.4	37	40.2	43.7							
4630	23.4	25.9	28.7	31.5	34.4	37	40.2	43.7							
4640	23.4	25.9	28.7	31.5	34.4	37	40.3	43.8							
4650	23.4	25.9	28.7	31.5	34.4	37.1	40.3	43.8							
4660	23.4	25.9	28.7	31.5	34.4	37.1	40.3	43.8							
4670	23.4	26	28.8	31.5	34.4	37.1	40.3	43.8							
4680	23.4	25.9	28.8	31.5	34.4	37.1	40.3	43.8							
4690	23.4	25.9	28.8	31.5	34.4	37.1	40.3	43.8							
4700	23.4	26	28.8	31.5	34.5	37.1	40.4	43.9							
4710	23.4	26	28.8	31.6	34.5	37.1	40.4	43.9							
4720	23.4	26	28.8	31.6	34.5	37.2	40.4	43.9							
4730	23.4	26	28.8	31.6	34.5	37.2	40.4	43.9							
4740	23.4	26	28.8	31.6	34.5	37.2	40.4	43.9							
4750	23.4	26	28.8	31.6	34.5	37.2	40.4	43.9							
4760	23.4	26	28.8	31.6	34.5	37.2	40.5	44							
4770	23.4	26	28.8	31.6	34.6	37.2	40.5	44							
4780	23.4	26	28.9	31.6	34.6	37.2	40.5	44							
4790	23.4	26	28.9	31.6	34.6	37.2	40.5	44							
4800	23.5	26	28.9	31.7	34.6	37.3	40.5	44							
4810	23.5	26	28.9	31.6	34.6	37.3	40.5	44							
4820	23.5	26	28.9	31.7	34.6	37.3	40.5	44							
4830	23.5	26.1	28.9	31.7	34.6	37.3	40.6	44.1							
4840	23.5	26.1	28.9	31.7	34.6	37.3	40.6	44.1							
4850	23.5	26.1	28.9	31.7	34.7	37.3	40.6	44.1							
4860	23.5	26.1	28.9	31.7	34.7	37.3	40.6	44.1							
4870	23.5	26.1	28.9	31.7	34.7	37.4	40.6	44.1							
4880	23.5	26.1	28.9	31.7	34.7	37.4	40.6	44.1							
4890	23.5	26.1	29	31.7	34.7	37.4	40.6	44.2							
4900	23.5	26.1	29	31.7	34.7	37.4	40.7	44.2							
4910	23.5	26.1	29	31.8	34.7	37.4	40.7	44.2							
4920	23.5	26.1	29	31.8	34.7	37.4	40.7	44.2							
4930	23.5	26.1	29	31.8	34.7	37.4	40.7	44.2							
4940	23.5	26.1	29	31.8	34.8	37.4	40.7	44.2							
4950	23.5	26.1	29	31.8	34.8	37.4	40.7	44.2							
4960	23.5	26.1	29	31.8	34.8	37.5	40.7	44.3							
4970	23.5	26.2	29	31.8	34.8	37.5	40.7	44.3							
4980	23.5	26.1	29	31.8	34.8	37.5	40.8	44.3							
4990	23.6	26.2	29	31.8	34.8	37.5	40.8	44.3							
5000	23.6	26.2	29	31.8	34.8	37.5	40.8	44.3							
5010	23.6	26.2	29.1	31.9	34.8	37.5	40.8	44.3							
5020	23.6	26.2	29.1	31.9	34.8	37.5	40.8	44.3							
5030	23.6	26.2	29.1	31.9	34.8	37.5	40.8	44.4							
5040	23.6	26.2	29.1	31.9	34.9	37.6	40.8	44.4							
5050	23.6	26.2	29.1	31.9	34.9	37.6	40.8	44.4							
5060	23.6	26.2	29.1	31.9	34.9	37.6	40.9	44.4							
5070	23.6	26.2	29.1	31.9	34.9	37.6	40.9	44.4							
5080	23.6	26.2	29.1	31.9	34.9	37.6	40.9	44.4							
5090	23.6	26.2	29.1	31.9	34.9	37.6	40.9	44.4							
5100	23.6	26.2	29.1	31.9	34.9	37.6	40.9	44.5							
5110	23.6	26.2	29.1	31.9	34.9	37.6	40.9	44.5							
5120	23.6	26.2	29.1	32	35	37.7	40.9	44.5							
5130	23.6	26.2	29.2	32	35	37.7	41	44.5							
5140	23.6	26.3	29.2	32	35	37.7	41	44.5							
5150	23.6	26.3	29.2	32	35	37.7	41	44.5							
5160	23.7	26.3	29.2	32	35	37.7	41	44.5							
5170	23.7	26.3	29.2	32	35	37.7	41	44.6							
5180	23.7	26.3	29.2	32	35	37.7	41	44.6							
5190	23.7	26.3	29.2	32	35	37.7	41	44.6							
5200	23.7	26.3	29.2	32	35	37.7	41	44.6							
5210	23.7	26.3	29.2	32	35	37.8	41.1	44.6							
5220	23.7	26.3	29.2	32.1	35.1	37.8	41.1	44.6							
5230	23.7	26.3	29.2	32.1	35.1	37.8	41.1	44.6							
5240	23.7	26.3	29.2	32.1	35.1	37.8	41.1	44.6							
5250	23.7	26.3	29.2	32.1	35.1	37.8	41.1	44.6							
5260	23.7	26.3	29.2	32.1	35.1	37.8	41.1	44.7							
5270	23.7	26.3	29.3	32.1	35.1	37.8	41.1	44.7							
5280	23.7	26.4	29.3	32.1	35.1	37.8	41.1	44.7							
5290	23.7	26.4	29.3	32.1	35.1	37.8	41.1	44.7							
5300	23.7	26.4	29.3	32.1	35.1	37.9	41.2	44.7							
5310	23.7	26.4	29.3	32.1	35.1	37.9	41.2	44.7							
5320	23.7	26.4	29.3	32.1	35.2	37.9	41.2	44.7							
5330	23.7	26.4	29.3	32.1	35.2	37.9	41.2	44.7							
5340	23.7	26.4	29.3	32.2	35.2	37.9	41.2	44.8							
5350	23.7	26.4	29.3	32.2	35.2	37.9	41.2	44.8							
5360	23.7	26.4	29.3	32.2	35.2	37.9	41.2	44.8							
5370	23.7	26.4	29.3	32.2	35.2	37.9	41.2	44.8							
5380	23.8	26.4	29.3	32.2	35.2	37.9	41.2	44.8							
5390	23.8	26.4	29.3	32.2	35.2	37.9	41.3	44.8							
5400	23.8	26.4	29.4	32.2	35.2	38	41.3	44.8							
5410	23.8	26.4	29.4	32.2	35.3	38	41.3	44.8							
5420	23.8	26.4	29.4	32.2	35.3	38	41.3	44.9							
5430	23.8	26.4	29.4	32.2	35.3	38	41.3	44.9							
5440	23.8	26.4	29.4	32.2	35.3	38	41.3	44.9							
5450	23.8	26.5	29.4	32.2	35.3	38	41.3	44.9							
5460	23.8	26.5	29.4	32.3	35.3	38	41.3	44.9							
5470	23.8	26.5	29.4	32.3	35.3	38	41.3	44.9							
5480	23.8	26.5	29.4	32.3	35.3	38	41.4	44.9							
5490	23.8	26.5	29.4	32.3	35.3	38	41.4	44.9							
5500	23.8	26.5	29.4	32.3	35.3	38.1	41.4	44.9							
5510	23.8	26.5	29.4	32.3	35.3	38.1	41.4	45							
5520	23.8	26.5	29.4	32.3	35.3	38.1	41.4	45							
5530	23.8	26.5	29.4	32.3	35.3	38.1	41.4	45							
5540	23.8	26.5	29.4	32.3	35.4	38.1	41.4	45							
5550	23.8	26.5	29.5	32.3	35.4	38.1	41.4	45							
5560	23.8	26.5	29.5	32.3	35.4	38.1	41.5	45							
5570	23.8	26.5	29.5	32.3	35.4	38.1	41.4	45							
5580	23.8	26.5	29.5	32.3	35.4	38.1	41.5	45							
5590	23.8	26.5	29.5	32.4	35.4	38.1	41.5	45							
5600	23.8	26.5	29.5	32.4	35.4	38.1	41.5	45.1							
5610	23.8	26.5	29.5	32.4	35.4	38.2	41.5	45.1							
5620	23.8	26.5	29.5	32.4	35.4	38.2	41.5	45.1							
5630	23.8	26.5	29.5	32.4	35.4	38.2	41.5	45.1							
5640	23.9	26.5	29.5	32.4	35.4	38.2	41.5	45.1							
5650	23.8	26.5	29.5	32.4	35.4	38.2	41.5	45.1							
5660	23.9	26.6	29.5	32.4	35.5	38.2	41.5	45.1							
5670	23.8	26.6	29.5	32.4	35.5	38.2	41.6	45.1							
5680	23.9	26.6	29.5	32.4	35.5	38.2	41.6	45.2							
5690	23.9	26.6	29.5	32.4	35.5	38.2	41.6	45.2							
5700	23.9	26.6	29.5	32.4	35.5	38.2	41.6	45.2							
5710	23.9	26.6	29.6	32.4	35.5	38.2	41.6	45.2							
5720	23.9	26.6	29.6	32.4	35.5	38.3	41.6	45.2							
5730	23.9	26.6	29.6	32.4	35.5	38.3	41.6	45.2							
5740	23.9	26.6	29.6	32.5	35.5	38.3	41.6	45.2							
5750	23.9	26.6	29.6	32.4	35.5	38.3	41.6	45.2							
5760	23.9	26.6	29.6	32.5	35.5	38.3	41.6	45.2							
5770	23.9	26.6	29.6	32.5	35.5	38.3	41.6	45.2							
5780	23.9	26.6	29.6	32.5	35.6	38.3	41.7	45.2							
5790	23.9	26.6	29.6	32.5	35.6	38.3	41.7	45.2							
5800	23.9	26.6	29.6	32.5	35.6	38.3	41.7	45.2							
5810	23.9	26.6	29.6	32.5	35.6	38.3	41.7	45.3							
5820	23.9	26.6	29.6	32.5	35.6	38.3	41.7	45.3							
5830	23.9	26.6	29.6	32.5	35.6	38.4	41.7	45.3							
5840	23.9	26.6	29.6	32.5	35.6	38.4	41.7	45.3							
5850	23.9	26.6	29.6	32.5	35.6	38.4	41.7	45.3							
5860	23.9	26.7	29.6	32.5	35.6	38.4	41.7	45.3							
5870	23.9	26.6	29.6	32.5	35.6	38.4	41.7	45.3							
5880	23.9	26.6	29.6	32.5	35.6	38.4	41.7	45.3							
5890	23.9	26.7	29.7	32.6	35.6	38.4	41.8	45.3							
5900	23.9	26.7	29.7	32.6	35.6	38.4	41.8	45.3							
5910	24	26.7	29.7	32.6	35.7	38.4	41.8	45.4							
5920	23.9	26.7	29.7	32.6	35.6	38.4	41.8	45.4							
5930	24	26.7	29.7	32.6	35.7	38.4	41.8	45.4							
5940	24	26.7	29.7	32.6	35.7	38.4	41.8	45.4							
5950	24	26.7	29.7	32.6	35.7	38.4	41.8	45.4							
5960	24	26.7	29.7	32.6	35.7	38.5	41.8	45.4							
5970	24	26.7	29.7	32.6	35.7	38.5	41.8	45.4							
5980	24	26.7	29.7	32.6	35.7	38.5	41.8	45.4							
5990	24	26.7	29.7	32.6	35.7	38.5	41.8	45.4							
6000	24	26.7	29.7	32.6	35.7	38.5	41.8	45.4							
6010	24	26.7	29.7	32.6	35.7	38.5	41.8	45.4							
6020	24	26.7	29.7	32.6	35.7	38.5	41.9	45.5							
6030	24	26.7	29.7	32.6	35.7	38.5	41.9	45.5							
6040	24	26.7	29.7	32.7	35.7	38.5	41.9	45.5							
6050	24	26.7	29.7	32.7	35.8	38.5	41.9	45.5							
6060	24	26.7	29.7	32.7	35.7	38.5	41.9	45.5							
6070	24	26.7	29.8	32.7	35.8	38.5	41.9	45.5							
6080	24	26.7	29.8	32.7	35.8	38.5	41.9	45.5							
6090	24	26.8	29.8	32.7	35.8	38.6	41.9	45.5							
6100	24	26.8	29.8	32.7	35.8	38.6	41.9	45.5							
6110	24	26.8	29.8	32.7	35.8	38.6	41.9	45.5							
6120	24	26.8	29.8	32.7	35.8	38.6	41.9	45.5							
6130	24	26.8	29.8	32.7	35.8	38.6	41.9	45.6							
6140	24	26.8	29.8	32.7	35.8	38.6	42	45.6							
6150	24	26.8	29.8	32.7	35.8	38.6	42	45.6							
6160	24	26.8	29.8	32.7	35.8	38.6	42	45.6							
6170	24	26.8	29.8	32.7	35.8	38.6	42	45.6							
6180	24	26.8	29.8	32.7	35.8	38.6	42	45.6							
6190	24	26.8	29.8	32.7	35.8	38.6	42	45.6							
6200	24	26.8	29.8	32.7	35.8	38.6	42	45.6							
6210	24.1	26.8	29.8	32.8	35.9	38.6	42	45.6							
6220	24.1	26.8	29.8	32.8	35.9	38.7	42	45.6							
6230	24.1	26.8	29.8	32.8	35.9	38.7	42	45.6							
6240	24.1	26.8	29.8	32.8	35.9	38.7	42	45.6							
6250	24.1	26.8	29.8	32.8	35.9	38.7	42	45.7							
6260	24.1	26.8	29.8	32.8	35.9	38.7	42.1	45.7							
6270	24.1	26.8	29.9	32.8	35.9	38.7	42.1	45.7							
6280	24.1	26.8	29.9	32.8	35.9	38.7	42.1	45.7							
6290	24.1	26.8	29.9	32.8	35.9	38.7	42.1	45.7							
6300	24.1	26.8	29.9	32.8	35.9	38.7	42.1	45.7							
6310	24.1	26.8	29.9	32.8	35.9	38.7	42.1	45.7							
6320	24.1	26.8	29.9	32.8	35.9	38.7	42.1	45.7							
6330	24.1	26.8	29.9	32.8	35.9	38.7	42.1	45.7							
6340	24.1	26.8	29.9	32.8	35.9	38.7	42.1	45.7							
6350	24.1	26.8	29.9	32.8	35.9	38.7	42.1	45.7							
6360	24.1	26.9	29.9	32.8	36	38.7	42.1	45.7							
6370	24.1	26.9	29.9	32.8	36	38.7	42.1	45.7							
6380	24.1	26.9	29.9	32.8	36	38.8	42.1	45.7							
6390	24.1	26.9	29.9	32.8	36	38.7	42.1	45.8							
6400	24.1	26.9	29.9	32.9	36	38.8	42.2	45.8							
6410	24.1	26.9	29.9	32.9	36	38.8	42.2	45.8							
6420	24.1	26.9	29.9	32.9	36	38.8	42.2	45.8							
6430	24.1	26.9	29.9	32.9	36	38.8	42.2	45.8							
6440	24.1	26.9	29.9	32.9	36	38.8	42.2	45.8							
6450	24.1	26.9	29.9	32.9	36	38.8	42.2	45.8							
6460	24.1	26.9	29.9	32.9	36	38.8	42.2	45.8							
6470	24.1	26.9	29.9	32.9	36	38.8	42.2	45.8							
6480	24.1	26.9	29.9	32.9	36	38.8	42.2	45.8							
6490	24.1	26.9	29.9	32.9	36	38.8	42.2	45.8							
6500	24.1	26.9	29.9	32.9	36	38.8	42.2	45.8							
6510	24.1	26.9	30	32.9	36	38.8	42.2	45.8							
6520	24.1	26.9	30	32.9	36	38.8	42.2	45.8							
6530	24.1	26.9	30	32.9	36	38.8	42.2	45.9							
6540	24.1	26.9	30	32.9	36	38.9	42.2	45.9							
6550	24.1	26.9	30	32.9	36.1	38.8	42.2	45.9							
6560	24.1	26.9	30	32.9	36.1	38.9	42.3	45.9							
6570	24.1	26.9	30	32.9	36.1	38.9	42.3	45.9							
6580	24.1	26.9	30	32.9	36.1	38.9	42.3	45.9							
6590	24.1	26.9	30	33	36.1	38.9	42.3	45.9							
6600	24.1	26.9	30	33	36.1	38.9	42.3	45.9							
6610	24.1	26.9	30	33	36.1	38.9	42.3	45.9							
6620	24.1	26.9	30	33	36.1	38.9	42.3	45.9							
6630	24.1	26.9	30	33	36.1	38.9	42.3	45.9							
6640	24.2	26.9	30	33	36.1	38.9	42.3	45.9							
6650	24.1	26.9	30	33	36.1	38.9	42.3	45.9							
6660	24.2	26.9	30	33	36.1	38.9	42.3	45.9							
6670	24.2	26.9	30	33	36.1	38.9	42.3	46							
6680	24.2	26.9	30	33	36.1	38.9	42.3	46							
6690	24.2	26.9	30	33	36.1	38.9	42.3	46							
6700	24.2	27	30	33	36.1	38.9	42.3	46							
6710	24.2	26.9	30	33	36.1	38.9	42.3	46							
6720	24.2	27	30	33	36.1	39	42.4	46							
6730	24.2	27	30	33	36.1	39	42.4	46							
6740	24.2	27	30	33	36.1	39	42.4	46							
6750	24.2	27	30	33	36.2	39	42.4	46							
6760	24.2	27	30	33	36.2	39	42.4	46							
6770	24.2	27	30	33	36.2	39	42.4	46							
6780	24.2	27	30	33	36.2	39	42.4	46							
6790	24.2	27	30.1	33	36.2	39	42.4	46							
6800	24.2	27	30.1	33	36.2	39	42.4	46							
6810	24.2	27	30	33	36.2	39	42.4	46							
6820	24.2	27	30.1	33	36.2	39	42.4	46.1							
6830	24.2	27	30.1	33	36.2	39	42.4	46							
6840	24.2	27	30.1	33	36.2	39	42.4	46.1							
6850	24.2	27	30.1	33.1	36.2	39	42.4	46.1							
6860	24.2	27	30.1	33.1	36.2	39	42.4	46.1							
6870	24.2	27	30.1	33.1	36.2	39	42.4	46.1							
6880	24.2	27	30.1	33.1	36.2	39	42.4	46.1							
6890	24.2	27	30.1	33.1	36.2	39	42.4	46.1							
6900	24.2	27	30.1	33.1	36.2	39	42.4	46.1							
6910	24.2	27	30.1	33.1	36.2	39	42.4	46.1							
6920	24.2	27	30.1	33.1	36.2	39	42.5	46.1							
6930	24.2	27	30.1	33.1	36.2	39	42.4	46.1							
6940	24.2	27	30.1	33.1	36.2	39.1	42.5	46.1							
6950	24.2	27	30.1	33.1	36.2	39.1	42.5	46.1							
6960	24.2	27	30.1	33.1	36.3	39.1	42.5	46.1							
6970	24.2	27	30.1	33.1	36.2	39.1	42.5	46.1							
6980	24.2	27	30.1	33.1	36.3	39.1	42.5	46.1							
6990	24.2	27	30.1	33.1	36.3	39.1	42.5	46.1							
7000	24.2	27	30.1	33.1	36.3	39.1	42.5	46.1							
7010	24.2	27	30.1	33.1	36.3	39.1	42.5	46.2							
7020	24.2	27	30.1	33.1	36.3	39.1	42.5	46.2							
7030	24.2	27	30.1	33.1	36.3	39.1	42.5	46.2							
7040	24.2	27	30.1	33.1	36.3	39.1	42.5	46.2							
7050	24.2	27	30.1	33.1	36.3	39.1	42.5	46.2							
7060	24.2	27	30.1	33.1	36.3	39.1	42.5	46.2							
7070	24.2	27	30.1	33.1	36.3	39.1	42.5	46.2							
7080	24.2	27	30.1	33.1	36.3	39.1	42.5	46.2							
7090	24.2	27	30.1	33.1	36.3	39.1	42.5	46.2							
7100	24.2	27	30.1	33.1	36.3	39.1	42.5	46.2							
7110	24.2	27	30.1	33.1	36.3	39.1	42.5	46.2							
7120	24.2	27	30.1	33.1	36.3	39.1	42.5	46.2							
7130	24.2	27	30.1	33.1	36.3	39.1	42.6	46.2							
7140	24.2	27.1	30.2	33.2	36.3	39.1	42.6	46.2							
7150	24.3	27.1	30.2	33.2	36.3	39.2	42.6	46.2							
7160	24.3	27.1	30.2	33.2	36.3	39.2	42.6	46.2							
7170	24.3	27.1	30.2	33.2	36.3	39.1	42.6	46.2							
7180	24.3	27.1	30.2	33.2	36.3	39.2	42.6	46.2							
7190	24.3	27.1	30.2	33.2	36.3	39.2	42.6	46.2							
7200	24.3	27.1	30.2	33.2	36.3	39.2	42.6	46.2							
7210	24.3	27.1	30.2	33.2	36.4	39.2	42.6	46.3							
7220	24.3	27.1	30.2	33.2	36.3	39.2	42.6	46.3							
7230	24.3	27.1	30.2	33.2	36.3	39.2	42.6	46.2							
7240	24.3	27.1	30.2	33.2	36.4	39.2	42.6	46.3							
7250	24.3	27.1	30.2	33.2	36.4	39.2	42.6	46.3							
7260	24.3	27.1	30.2	33.2	36.4	39.2	42.6	46.3							
7270	24.3	27.1	30.2	33.2	36.4	39.2	42.6	46.3							
7280	24.3	27.1	30.2	33.2	36.4	39.2	42.6	46.3							
7290	24.3	27.1	30.2	33.2	36.4	39.2	42.6	46.3							
7300	24.3	27.1	30.2	33.2	36.4	39.2	42.6	46.3							
7310	24.3	27.1	30.2	33.2	36.4	39.2	42.6	46.3							
7320	24.3	27.1	30.2	33.2	36.4	39.2	42.6	46.3							
7330	24.3	27.1	30.2	33.2	36.4	39.2	42.6	46.3							
7340	24.3	27.1	30.2	33.2	36.4	39.2	42.6	46.3							
7350	24.3	27.1	30.2	33.2	36.4	39.2	42.6	46.3							
7360	24.3	27.1	30.2	33.2	36.4	39.2	42.6	46.3							
7370	24.3	27.1	30.2	33.2	36.4	39.2	42.6	46.3							
7380	24.3	27.1	30.2	33.2	36.4	39.2	42.6	46.3							
7390	24.3	27.1	30.2	33.2	36.4	39.2	42.6	46.3							
7400	24.3	27.1	30.2	33.2	36.4	39.2	42.7	46.3							
7410	24.3	27.1	30.2	33.2	36.4	39.2	42.7	46.3							
7420	24.3	27.1	30.2	33.2	36.4	39.2	42.7	46.3							
7430	24.3	27.1	30.2	33.2	36.4	39.2	42.7	46.3							
7440	24.3	27.1	30.2	33.2	36.4	39.2	42.7	46.3							
7450	24.3	27.1	30.2	33.2	36.4	39.2	42.7	46.3							
7460	24.3	27.1	30.2	33.2	36.4	39.2	42.7	46.3							
7470	24.3	27.1	30.2	33.2	36.4	39.2	42.7	46.3							
7480	24.3	27.1	30.2	33.2	36.4	39.2	42.7	46.3							
7490	24.3	27.1	30.2	33.3	36.4	39.3	42.7	46.3							
7500	24.3	27.1	30.2	33.2	36.4	39.3	42.7	46.4							
7510	24.3	27.1	30.3	33.3	36.4	39.3	42.7	46.3							
7520	24.3	27.1	30.2	33.3	36.4	39.3	42.7	46.4							
7530	24.3	27.1	30.3	33.3	36.5	39.3	42.7	46.4							
7540	24.3	27.1	30.2	33.3	36.4	39.3	42.7	46.4							
7550	24.3	27.1	30.2	33.3	36.4	39.3	42.7	46.4							
7560	24.3	27.1	30.3	33.3	36.5	39.3	42.7	46.4							
7570	24.3	27.1	30.3	33.3	36.4	39.3	42.7	46.4							
7580	24.3	27.1	30.3	33.3	36.5	39.3	42.7	46.4							
7590	24.3	27.1	30.3	33.3	36.4	39.3	42.7	46.4							
7600	24.3	27.1	30.3	33.3	36.5	39.3	42.7	46.4							
7610	24.3	27.1	30.3	33.3	36.5	39.3	42.7	46.4							
7620	24.3	27.1	30.3	33.3	36.5	39.3	42.7	46.4							
7630	24.3	27.1	30.3	33.3	36.5	39.3	42.7	46.4							
7640	24.3	27.1	30.3	33.3	36.5	39.3	42.7	46.4							
7650	24.3	27.1	30.3	33.3	36.5	39.3	42.7	46.4							
7660	24.3	27.1	30.3	33.3	36.5	39.3	42.7	46.4							
7670	24.3	27.1	30.3	33.3	36.5	39.3	42.7	46.4							
7680	24.3	27.1	30.3	33.3	36.5	39.3	42.7	46.4							
7690	24.3	27.1	30.3	33.3	36.5	39.3	42.7	46.4							
7700	24.3	27.1	30.3	33.3	36.5	39.3	42.7	46.4							
7710	24.3	27.1	30.3	33.3	36.5	39.3	42.8	46.4							
7720	24.3	27.1	30.3	33.3	36.5	39.3	42.8	46.4							
7730	24.3	27.2	30.3	33.3	36.5	39.3	42.8	46.4							
7740	24.3	27.2	30.3	33.3	36.5	39.3	42.8	46.4							
7750	24.3	27.2	30.3	33.3	36.5	39.3	42.8	46.4							
7760	24.3	27.2	30.3	33.3	36.5	39.3	42.8	46.4							
7770	24.3	27.2	30.3	33.3	36.5	39.3	42.8	46.4							
7780	24.3	27.1	30.3	33.3	36.5	39.3	42.8	46.4							
7790	24.3	27.2	30.3	33.3	36.5	39.3	42.8	46.5							
7800	24.3	27.2	30.3	33.3	36.5	39.3	42.8	46.5							
7810	24.3	27.2	30.3	33.3	36.5	39.3	42.8	46.4							
7820	24.3	27.2	30.3	33.3	36.5	39.3	42.8	46.5							
7830	24.3	27.1	30.3	33.3	36.5	39.4	42.8	46.5							
7840	24.3	27.2	30.3	33.3	36.5	39.4	42.8	46.5							
7850	24.3	27.2	30.3	33.3	36.5	39.4	42.8	46.5							
7860	24.3	27.2	30.3	33.3	36.5	39.4	42.8	46.5							
7870	24.3	27.2	30.3	33.3	36.5	39.4	42.8	46.5							
7880	24.3	27.2	30.3	33.3	36.5	39.4	42.8	46.5							
7890	24.3	27.2	30.3	33.3	36.5	39.4	42.8	46.5							
7900	24.3	27.2	30.3	33.3	36.5	39.4	42.8	46.5							
7910	24.3	27.2	30.3	33.3	36.5	39.4	42.8	46.5							
7920	24.3	27.2	30.3	33.3	36.5	39.4	42.8	46.5							
7930	24.3	27.2	30.3	33.4	36.5	39.4	42.8	46.5							
7940	24.3	27.2	30.3	33.3	36.5	39.4	42.8	46.5							
7950	24.3	27.2	30.3	33.3	36.5	39.4	42.8	46.5							
7960	24.3	27.2	30.3	33.3	36.5	39.4	42.8	46.5							
7970	24.3	27.2	30.3	33.3	36.5	39.4	42.8	46.5							
7980	24.3	27.2	30.3	33.4	36.5	39.4	42.8	46.5							
7990	24.3	27.2	30.3	33.4	36.6	39.4	42.8	46.5							
8000	24.3	27.2	30.3	33.4	36.6	39.4	42.8	46.5							
8010	24.3	27.2	30.3	33.4	36.5	39.4	42.8	46.5							
8020	24.3	27.2	30.3	33.4	36.6	39.4	42.8	46.5							
8030	24.3	27.2	30.3	33.4	36.6	39.4	42.8	46.5							
8040	24.3	27.2	30.3	33.4	36.6	39.4	42.9	46.5							
8050	24.3	27.2	30.3	33.4	36.6	39.4	42.8	46.5							
8060	24.3	27.2	30.3	33.4	36.6	39.4	42.9	46.5							
8070	24.3	27.2	30.3	33.4	36.6	39.4	42.9	46.5							
8080	24.3	27.2	30.3	33.4	36.6	39.4	42.9	46.5							
8090	24.4	27.2	30.3	33.4	36.6	39.4	42.9	46.5							
8100	24.3	27.2	30.3	33.4	36.6	39.4	42.9	46.5							
8110	24.3	27.2	30.3	33.4	36.6	39.4	42.9	46.5							
8120	24.3	27.2	30.3	33.4	36.6	39.4	42.9	46.5							
8130	24.4	27.2	30.3	33.4	36.6	39.4	42.9	46.6							
8140	24.3	27.2	30.3	33.4	36.6	39.4	42.9	46.5							
8150	24.4	27.2	30.3	33.4	36.6	39.4	42.9	46.5							
8160	24.3	27.2	30.4	33.4	36.6	39.4	42.9	46.6							
8170	24.3	27.2	30.4	33.4	36.6	39.4	42.9	46.6							
8180	24.4	27.2	30.4	33.4	36.6	39.4	42.9	46.6							
8190	24.3	27.2	30.4	33.4	36.6	39.4	42.9	46.5							
8200	24.4	27.2	30.4	33.4	36.6	39.5	42.9	46.6							
8210	24.3	27.2	30.4	33.4	36.6	39.4	42.9	46.6							
8220	24.4	27.2	30.4	33.4	36.6	39.5	42.9	46.6							
8230	24.4	27.2	30.4	33.4	36.6	39.5	42.9	46.6							
8240	24.4	27.2	30.4	33.4	36.6	39.5	42.9	46.6							
8250	24.4	27.2	30.4	33.4	36.6	39.5	42.9	46.6							
8260	24.4	27.2	30.4	33.4	36.6	39.5	42.9	46.6							
8270	24.4	27.2	30.4	33.4	36.6	39.5	42.9	46.6							
8280	24.4	27.2	30.4	33.4	36.6	39.5	42.9	46.6							
8290	24.4	27.2	30.4	33.4	36.6	39.5	42.9	46.6							
8300	24.4	27.2	30.4	33.4	36.6	39.5	42.9	46.6							
8310	24.4	27.2	30.4	33.4	36.6	39.5	42.9	46.6							
8320	24.4	27.2	30.4	33.4	36.6	39.5	42.9	46.6							
8330	24.4	27.2	30.4	33.4	36.6	39.5	42.9	46.6							
8340	24.4	27.2	30.4	33.4	36.6	39.5	42.9	46.6							
8350	24.4	27.2	30.4	33.4	36.6	39.5	42.9	46.6							
8360	24.4	27.2	30.4	33.4	36.6	39.5	42.9	46.6							
8370	24.4	27.2	30.4	33.4	36.6	39.5	42.9	46.6							
8380	24.4	27.2	30.4	33.4	36.6	39.5	42.9	46.6							
8390	24.4	27.2	30.4	33.4	36.6	39.5	42.9	46.6							
8400	24.4	27.2	30.4	33.4	36.6	39.5	42.9	46.6							
8410	24.4	27.2	30.4	33.4	36.6	39.5	42.9	46.6							
8420	24.4	27.2	30.4	33.4	36.6	39.5	42.9	46.6							
8430	24.4	27.2	30.4	33.4	36.6	39.5	42.9	46.6							
8440	24.4	27.2	30.4	33.4	36.6	39.5	42.9	46.6							
8450	24.4	27.2	30.4	33.4	36.6	39.5	42.9	46.6							
8460	24.4	27.2	30.4	33.4	36.6	39.5	42.9	46.6							
8470	24.4	27.2	30.4	33.4	36.6	39.5	42.9	46.6							
8480	24.4	27.2	30.4	33.4	36.6	39.5	42.9	46.6							
8490	24.4	27.2	30.4	33.4	36.6	39.5	42.9	46.6							
8500	24.4	27.2	30.4	33.4	36.7	39.5	42.9	46.6							
8510	24.4	27.2	30.4	33.4	36.6	39.5	43	46.6							
8520	24.4	27.2	30.4	33.4	36.6	39.5	43	46.6							
8530	24.4	27.2	30.4	33.4	36.7	39.5	43	46.6							
8540	24.4	27.2	30.4	33.4	36.6	39.5	42.9	46.6							
8550	24.4	27.2	30.4	33.4	36.6	39.5	43	46.6							
8560	24.4	27.2	30.4	33.4	36.6	39.5	43	46.6							
8570	24.4	27.2	30.4	33.4	36.6	39.5	42.9	46.6							
8580	24.4	27.2	30.4	33.4	36.7	39.5	43	46.6							
8590	24.4	27.2	30.4	33.4	36.7	39.5	43	46.7							
8600	24.4	27.2	30.4	33.5	36.7	39.5	43	46.7							
8610	24.4	27.2	30.4	33.4	36.7	39.5	43	46.6							
8620	24.4	27.2	30.4	33.4	36.7	39.5	43	46.7							
8630	24.4	27.2	30.4	33.4	36.6	39.5	43	46.7							
8640	24.4	27.2	30.4	33.5	36.7	39.5	43	46.7							
8650	24.4	27.2	30.4	33.4	36.7	39.5	43	46.7							
8660	24.4	27.2	30.4	33.4	36.7	39.5	43	46.7							
8670	24.4	27.2	30.4	33.4	36.7	39.5	43	46.7							
8680	24.4	27.2	30.4	33.5	36.7	39.5	43	46.7							
8690	24.4	27.2	30.4	33.5	36.7	39.5	43	46.7							
8700	24.4	27.2	30.4	33.5	36.7	39.5	43	46.7							
8710	24.4	27.2	30.4	33.4	36.7	39.5	43	46.7							
8720	24.4	27.2	30.4	33.5	36.7	39.5	43	46.7							
8730	24.4	27.2	30.4	33.5	36.7	39.5	43	46.7							
8740	24.4	27.2	30.4	33.5	36.7	39.5	43	46.7							
8750	24.4	27.2	30.4	33.5	36.7	39.5	43	46.7							
8760	24.4	27.2	30.4	33.5	36.7	39.5	43	46.7							
8770	24.4	27.2	30.4	33.5	36.7	39.5	43	46.7							
8780	24.4	27.2	30.4	33.5	36.7	39.5	43	46.7							
8790	24.4	27.2	30.4	33.5	36.7	39.5	43	46.7							
8800	24.4	27.2	30.4	33.5	36.7	39.5	43	46.7							
8810	24.4	27.2	30.4	33.5	36.7	39.5	43	46.7							
8820	24.4	27.2	30.4	33.5	36.7	39.5	43	46.7							
8830	24.4	27.2	30.4	33.5	36.7	39.5	43	46.7							
8840	24.4	27.2	30.4	33.5	36.7	39.6	43	46.7							
8850	24.4	27.2	30.4	33.5	36.7	39.5	43	46.7							
8860	24.4	27.2	30.4	33.5	36.7	39.6	43	46.7							
8870	24.4	27.2	30.4	33.5	36.7	39.5	43	46.7							
8880	24.4	27.2	30.4	33.5	36.7	39.6	43	46.7							
8890	24.4	27.3	30.4	33.5	36.7	39.6	43	46.7							
8900	24.4	27.3	30.4	33.5	36.7	39.6	43	46.7							
8910	24.4	27.3	30.4	33.5	36.7	39.6	43	46.7							
8920	24.4	27.2	30.4	33.5	36.7	39.6	43	46.7							
8930	24.4	27.3	30.4	33.5	36.7	39.6	43	46.7							
8940	24.4	27.3	30.4	33.5	36.7	39.6	43	46.7							
8950	24.4	27.2	30.4	33.5	36.7	39.6	43	46.7							
8960	24.4	27.3	30.4	33.5	36.7	39.6	43	46.7							
8970	24.4	27.2	30.4	33.5	36.7	39.6	43	46.7							
8980	24.4	27.3	30.4	33.5	36.7	39.6	43	46.7							
8990	24.4	27.3	30.4	33.5	36.7	39.6	43	46.7							
9000	24.4	27.3	30.4	33.5	36.7	39.6	43	46.7							
9010	24.4	27.3	30.4	33.5	36.7	39.6	43	46.7							
9020	24.4	27.3	30.4	33.5	36.7	39.6	43	46.7							
9030	24.4	27.3	30.4	33.5	36.7	39.6	43	46.7							
9040	24.4	27.3	30.4	33.5	36.7	39.6	43	46.7							
9050	24.4	27.3	30.4	33.5	36.7	39.6	43	46.7							
9060	24.4	27.3	30.4	33.5	36.7	39.6	43	46.7							
9070	24.4	27.3	30.4	33.5	36.7	39.6	43	46.7							
9080	24.4	27.3	30.4	33.5	36.7	39.6	43	46.7							
9090	24.4	27.3	30.4	33.5	36.7	39.6	43	46.7							
9100	24.4	27.3	30.4	33.5	36.7	39.6	43	46.7							
9110	24.4	27.3	30.4	33.5	36.7	39.6	43	46.7							
9120	24.4	27.3	30.4	33.5	36.7	39.6	43	46.7							
9130	24.4	27.3	30.5	33.5	36.7	39.6	43	46.7							
9140	24.4	27.3	30.4	33.5	36.7	39.6	43	46.7							
9150	24.4	27.3	30.5	33.5	36.7	39.6	43	46.7							
9160	24.4	27.3	30.4	33.5	36.7	39.6	43	46.7							
9170	24.4	27.3	30.4	33.5	36.7	39.6	43	46.7							
9180	24.4	27.3	30.5	33.5	36.7	39.6	43	46.7							
9190	24.4	27.3	30.4	33.5	36.7	39.6	43	46.7							
9200	24.4	27.3	30.5	33.5	36.7	39.6	43	46.7							
9210	24.4	27.3	30.4	33.5	36.7	39.6	43	46.7							
9220	24.4	27.3	30.4	33.5	36.7	39.6	43	46.7							
9230	24.4	27.3	30.5	33.5	36.7	39.6	43	46.7							
9240	24.4	27.3	30.5	33.5	36.7	39.6	43	46.8							
9250	24.4	27.3	30.5	33.5	36.7	39.6	43.1	46.7							
9260	24.4	27.3	30.5	33.5	36.7	39.6	43.1	46.7							
9270	24.5	27.3	30.5	33.5	36.7	39.6	43.1	46.7							
9280	24.5	27.3	30.5	33.5	36.7	39.6	43.1	46.7							
9290	24.5	27.3	30.5	33.5	36.7	39.6	43.1	46.7							
9300	24.5	27.3	30.5	33.5	36.7	39.6	43.1	46.7							
9310	24.5	27.3	30.5	33.5	36.7	39.6	43.1	46.7							
9320	24.4	27.3	30.5	33.5	36.7	39.6	43	46.7							
9330	24.5	27.3	30.5	33.5	36.7	39.6	43.1	46.7							
9340	24.5	27.3	30.5	33.5	36.7	39.6	43.1	46.8							
9350	24.5	27.3	30.5	33.5	36.7	39.6	43.1	46.8							
9360	24.5	27.3	30.5	33.5	36.7	39.6	43.1	46.7							
9370	24.5	27.3	30.5	33.5	36.7	39.6	43.1	46.7							
9380	24.5	27.3	30.5	33.5	36.7	39.6	43.1	46.8							
9390	24.5	27.3	30.5	33.5	36.8	39.6	43.1	46.8							
9400	24.5	27.3	30.5	33.5	36.8	39.6	43.1	46.8							
9410	24.5	27.3	30.5	33.5	36.7	39.6	43.1	46.8							
9420	24.5	27.3	30.5	33.5	36.8	39.6	43.1	46.8							
9430	24.5	27.3	30.5	33.5	36.8	39.6	43.1	46.8							
9440	24.5	27.3	30.5	33.5	36.7	39.6	43.1	46.7							
9450	24.5	27.3	30.5	33.5	36.8	39.6	43.1	46.8							
9460	24.5	27.3	30.5	33.5	36.8	39.6	43.1	46.8							
9470	24.5	27.3	30.5	33.5	36.8	39.6	43.1	46.8							
9480	24.5	27.3	30.5	33.5	36.8	39.6	43.1	46.8							
9490	24.5	27.3	30.5	33.5	36.8	39.6	43.1	46.8							
9500	24.5	27.3	30.5	33.5	36.8	39.6	43.1	46.8							
9510	24.5	27.3	30.5	33.5	36.8	39.6	43.1	46.8							
9520	24.5	27.3	30.5	33.5	36.8	39.6	43.1	46.8							
9530	24.5	27.3	30.5	33.6	36.8	39.6	43.1	46.8							
9540	24.5	27.3	30.5	33.5	36.8	39.6	43.1	46.8							
9550	24.5	27.3	30.5	33.6	36.8	39.6	43.1	46.8							
9560	24.5	27.3	30.5	33.6	36.8	39.6	43.1	46.8							
9570	24.5	27.3	30.5	33.6	36.8	39.6	43.1	46.8							
9580	24.5	27.3	30.5	33.6	36.8	39.6	43.1	46.8							
9590	24.5	27.3	30.5	33.5	36.8	39.6	43.1	46.8							
9600	24.5	27.3	30.5	33.5	36.8	39.6	43.1	46.8							
9610	24.5	27.3	30.5	33.6	36.8	39.6	43.1	46.8							
9620	24.5	27.3	30.5	33.6	36.8	39.6	43.1	46.8							
9630	24.5	27.3	30.5	33.6	36.8	39.6	43.1	46.8							
9640	24.4	27.3	30.5	33.6	36.8	39.6	43.1	46.8							
9650	24.4	27.3	30.5	33.5	36.8	39.6	43.1	46.8							
9660	24.5	27.3	30.5	33.6	36.8	39.6	43.1	46.8							
9670	24.5	27.3	30.5	33.6	36.8	39.6	43.1	46.8							
9680	24.5	27.3	30.5	33.6	36.8	39.6	43.1	46.8							
9690	24.4	27.3	30.5	33.6	36.8	39.6	43.1	46.8							
9700	24.5	27.3	30.5	33.6	36.8	39.6	43.1	46.8							
9710	24.4	27.3	30.5	33.6	36.8	39.6	43.1	46.8							
9720	24.5	27.3	30.5	33.6	36.8	39.6	43.1	46.8							
9730	24.4	27.3	30.5	33.6	36.8	39.6	43.1	46.8							
9740	24.4	27.3	30.5	33.6	36.8	39.6	43.1	46.8							
9750	24.5	27.3	30.5	33.6	36.8	39.6	43.1	46.8							
9760	24.4	27.3	30.5	33.6	36.8	39.6	43.1	46.8							
9770	24.4	27.3	30.5	33.6	36.8	39.6	43.1	46.8							
9780	24.5	27.3	30.5	33.6	36.8	39.6	43.1	46.8							
9790	24.5	27.3	30.5	33.6	36.8	39.7	43.1	46.8							
9800	24.4	27.3	30.5	33.6	36.8	39.6	43.1	46.8							
9810	24.4	27.3	30.5	33.6	36.8	39.6	43.1	46.8							
9820	24.4	27.3	30.5	33.6	36.8	39.6	43.1	46.8							
9830	24.4	27.3	30.5	33.6	36.8	39.6	43.1	46.8							
9840	24.4	27.3	30.5	33.6	36.8	39.6	43.1	46.8							
9850	24.4	27.3	30.5	33.6	36.8	39.6	43.1	46.8							
9860	24.4	27.3	30.5	33.6	36.8	39.6	43.1	46.8							
9870	24.4	27.3	30.5	33.6	36.8	39.6	43.1	46.8							
9880	24.4	27.3	30.5	33.6	36.8	39.6	43.1	46.8							
9890	24.4	27.3	30.5	33.6	36.8	39.6	43.1	46.8							
9900	24.4	27.3	30.5	33.6	36.8	39.6	43.1	46.8							
9910	24.4	27.3	30.5	33.6	36.8	39.6	43.1	46.8							
9920	24.4	27.3	30.5	33.6	36.8	39.6	43.1	46.8							
9930	24.5	27.3	30.5	33.6	36.8	39.7	43.1	46.8							
9940	24.4	27.3	30.5	33.6	36.8	39.6	43.1	46.8							
9950	24.4	27.3	30.5	33.6	36.8	39.6	43.1	46.8							
9960	24.4	27.3	30.5	33.6	36.8	39.6	43.1	46.8							
9970	24.4	27.3	30.5	33.6	36.8	39.6	43.1	46.8							
9980	24.4	27.3	30.5	33.6	36.8	39.6	43.1	46.8							
9990	24.4	27.3	30.5	33.6	36.8	39.6	43.1	46.8							
10000	24.4	27.3	30.5	33.6	36.8	39.6	43.1	46.8							
10010	24.4	27.3	30.5	33.6	36.8	39.6	43.1	46.8							
10020	24.4	27.3	30.5	33.6	36.8	39.6	43.1	46.8							
10030	24.4	27.3	30.5	33.6	36.8	39.6	43.1	46.8							
10040	24.4	27.3	30.5	33.6	36.8	39.6	43.1	46.8							
10050	24.4	27.3	30.5	33.6	36.8	39.6	43.1	46.8							
10060	24.4	27.3	30.5	33.6	36.8	39.7	43.1	46.8							
10070	24.4	27.3	30.5	33.6	36.8	39.6	43.1	46.8							
10080	24.4	27.3	30.5	33.6	36.8	39.7	43.1	46.8							
10090	24.4	27.3	30.5	33.5	36.8	39.6	43.1	46.8							
10100	24.4	27.3	30.5	33.6	36.8	39.7	43.1	46.8							
10110	24.4	27.3	30.5	33.6	36.8	39.6	43.1	46.8							
10120	24.4	27.3	30.5	33.6	36.8	39.6	43.1	46.8							
10130	24.4	27.3	30.5	33.6	36.8	39.6	43.1	46.8							
10140	24.4	27.3	30.5	33.6	36.8	39.6	43.1	46.8							
10150	24.4	27.3	30.5	33.6	36.8	39.7	43.1	46.8							
10160	24.4	27.3	30.5	33.6	36.8	39.6	43.1	46.8							
10170	24.4	27.3	30.5	33.6	36.8	39.6	43.1	46.8							
10180	24.4	27.3	30.5	33.6	36.8	39.7	43.1	46.8							
10190	24.4	27.3	30.5	33.6	36.8	39.7	43.1	46.8							
10200	24.4	27.3	30.5	33.6	36.8	39.6	43.1	46.8							
10210	24.4	27.3	30.5	33.6	36.8	39.6	43.1	46.8							
10220	24.4	27.3	30.5	33.6	36.8	39.6	43.1	46.8							
10230	24.4	27.3	30.5	33.6	36.8	39.6	43.1	46.8							
10240	24.4	27.3	30.5	33.6	36.8	39.6	43.1	46.8							
10250	24.4	27.3	30.5	33.6	36.8	39.7	43.1	46.8							
10260	24.4	27.3	30.5	33.6	36.8	39.7	43.1	46.8							
10270	24.4	27.3	30.5	33.6	36.8	39.7	43.1	46.8							
10280	24.4	27.3	30.5	33.6	36.8	39.6	43.1	46.8							
10290	24.4	27.3	30.5	33.5	36.8	39.7	43.1	46.8							
10300	24.4	27.3	30.5	33.6	36.8	39.7	43.1	46.8							
10310	24.4	27.3	30.5	33.6	36.8	39.6	43.1	46.8							
10320	24.4	27.3	30.5	33.6	36.8	39.6	43.1	46.8							
10330	24.4	27.3	30.5	33.6	36.8	39.7	43.1	46.8							
10340	24.4	27.3	30.5	33.6	36.8	39.7	43.1	46.8							
10350	24.4	27.3	30.5	33.6	36.8	39.7	43.1	46.8							
10360	24.4	27.3	30.5	33.6	36.8	39.7	43.1	46.8							
10370	24.4	27.3	30.5	33.6	36.8	39.7	43.1	46.8							
10380	24.4	27.3	30.5	33.6	36.8	39.7	43.1	46.8							
10390	24.4	27.3	30.5	33.6	36.8	39.7	43.1	46.8							
10400	24.4	27.3	30.5	33.6	36.8	39.7	43.1	46.8							
10410	24.4	27.3	30.5	33.6	36.8	39.7	43.1	46.8							
10420	24.4	27.3	30.5	33.6	36.8	39.7	43.1	46.8							
10430	24.4	27.3	30.5	33.6	36.8	39.7	43.1	46.8							
10440	24.4	27.3	30.5	33.6	36.8	39.7	43.1	46.8							
10450	24.4	27.3	30.5	33.6	36.8	39.7	43.1	46.8							
10460	24.4	27.3	30.5	33.6	36.8	39.7	43.1	46.8							
10470	24.4	27.3	30.5	33.6	36.8	39.7	43.1	46.8							
10480	24.4	27.3	30.5	33.6	36.8	39.7	43.1	46.8							
10490	24.4	27.3	30.5	33.6	36.8	39.7	43.1	46.8							
10500	24.4	27.3	30.5	33.6	36.8	39.7	43.1	46.8							
10510	24.4	27.3	30.5	33.5	36.8	39.7	43.1	46.8							
10520	24.4	27.3	30.5	33.6	36.8	39.7	43.1	46.8							
10530	24.4	27.3	30.5	33.6	36.8	39.7	43.1	46.8							
10540	24.4	27.3	30.5	33.6	36.8	39.7	43.1	46.8							
10550	24.4	27.3	30.5	33.6	36.8	39.7	43.1	46.8							
10560	24.4	27.3	30.5	33.6	36.8	39.7	43.1	46.8							
10570	24.4	27.3	30.5	33.6	36.8	39.7	43.1	46.8							
10580	24.4	27.3	30.5	33.6	36.8	39.7	43.1	46.8							
10590	24.4	27.3	30.5	33.6	36.8	39.7	43.1	46.8							
10600	24.4	27.3	30.5	33.6	36.8	39.7	43.1	46.8							
10610	24.4	27.3	30.5	33.6	36.8	39.7	43.1	46.8							
10620	24.4	27.3	30.5	33.6	36.8	39.7	43.1	46.8							
10630	24.4	27.3	30.5	33.6	36.8	39.7	43.1	46.8							
10640	24.4	27.3	30.5	33.6	36.8	39.7	43.1	46.8							
10650	24.4	27.3	30.5	33.6	36.8	39.7	43.1	46.8							
10660	24.4	27.3	30.5	33.6	36.8	39.7	43.2	46.8							
10670	24.4	27.3	30.5	33.6	36.8	39.7	43.1	46.8							
10680	24.4	27.3	30.5	33.6	36.8	39.7	43.1	46.8							
10690	24.4	27.3	30.5	33.6	36.8	39.7	43.1	46.8							
10700	24.4	27.3	30.5	33.6	36.8	39.7	43.2	46.8							
10710	24.4	27.3	30.5	33.6	36.8	39.7	43.1	46.8							
10720	24.4	27.3	30.5	33.6	36.8	39.7	43.2	46.8							
10730	24.4	27.3	30.5	33.6	36.8	39.7	43.1	46.8							
10740	24.4	27.3	30.5	33.6	36.8	39.7	43.1	46.8							
10750	24.4	27.3	30.5	33.6	36.8	39.7	43.1	46.8							
10760	24.4	27.3	30.5	33.6	36.8	39.7	43.1	46.8							
10770	24.4	27.3	30.5	33.6	36.8	39.7	43.2	46.8							
10780	24.4	27.3	30.5	33.6	36.8	39.7	43.1	46.8							
10790	24.4	27.3	30.5	33.6	36.8	39.7	43.1	46.8							
10800	24.4	27.3	30.5	33.6	36.8	39.7	43.1	46.8							
10810	24.4	27.3	30.5	33.6	36.8	39.7	43.2	46.8							
10820	24.4	27.3	30.5	33.6	36.8	39.7	43.1	46.9							
10830	24.4	27.3	30.5	33.6	36.8	39.7	43.1	46.8							
10840	24.4	27.3	30.5	33.6	36.8	39.7	43.1	46.8							
10850	24.4	27.3	30.5	33.6	36.8	39.7	43.1	46.8							
10860	24.4	27.3	30.5	33.6	36.8	39.7	43.1	46.8							
10870	24.4	27.3	30.5	33.6	36.8	39.7	43.2	46.8							
10880	24.4	27.3	30.5	33.6	36.8	39.7	43.1	46.8							
10890	24.4	27.3	30.5	33.6	36.8	39.7	43.1	46.8							
10900	24.4	27.3	30.5	33.6	36.8	39.7	43.1	46.8							
10910	24.4	27.3	30.5	33.6	36.8	39.7	43.2	46.8							
10920	24.4	27.3	30.5	33.6	36.8	39.7	43.2	46.9							
10930	24.4	27.3	30.5	33.6	36.8	39.7	43.2	46.9							
10940	24.4	27.3	30.5	33.6	36.8	39.7	43.2	46.8							
10950	24.4	27.3	30.5	33.6	36.8	39.7	43.2	46.9							
10960	24.4	27.3	30.5	33.6	36.8	39.7	43.1	46.8							
10970	24.4	27.3	30.5	33.6	36.8	39.7	43.2	46.8							
10980	24.4	27.3	30.5	33.6	36.8	39.7	43.2	46.8							
10990	24.4	27.3	30.5	33.6	36.8	39.7	43.2	46.9							
11000	24.4	27.3	30.5	33.6	36.8	39.7	43.1	46.8							
11010	24.4	27.3	30.5	33.6	36.8	39.7	43.2	46.8							
11020	24.4	27.3	30.5	33.6	36.8	39.7	43.2	46.9							
11030	24.4	27.3	30.5	33.6	36.8	39.7	43.2	46.8							
11040	24.4	27.3	30.5	33.6	36.8	39.7	43.2	46.9							
11050	24.4	27.3	30.5	33.6	36.8	39.7	43.2	46.8							
11060	24.4	27.3	30.5	33.6	36.8	39.7	43.2	46.9							
11070	24.4	27.3	30.5	33.6	36.8	39.7	43.2	46.9							
11080	24.4	27.3	30.5	33.6	36.8	39.7	43.2	46.9							
11090	24.4	27.3	30.5	33.6	36.8	39.7	43.2	46.8							
11100	24.4	27.3	30.5	33.6	36.8	39.7	43.2	46.9							
11110	24.4	27.3	30.5	33.6	36.8	39.7	43.2	46.9							
11120	24.4	27.3	30.5	33.6	36.8	39.7	43.2	46.9							
11130	24.4	27.3	30.5	33.6	36.8	39.7	43.2	46.9							
11140	24.4	27.3	30.5	33.6	36.8	39.7	43.2	46.9							
11150	24.4	27.3	30.5	33.6	36.8	39.7	43.2	46.9							
11160	24.4	27.3	30.5	33.6	36.8	39.7	43.2	46.9							
11170	24.4	27.3	30.5	33.6	36.8	39.7	43.2	46.9							
11180	24.4	27.3	30.5	33.6	36.8	39.7	43.2	46.9							
11190	24.4	27.3	30.5	33.6	36.8	39.7	43.2	46.9							
11200	24.4	27.3	30.5	33.6	36.8	39.7	43.2	46.9							
11210	24.4	27.3	30.5	33.6	36.8	39.7	43.2	46.9							
11220	24.4	27.3	30.5	33.6	36.8	39.7	43.2	46.9							
11230	24.4	27.3	30.5	33.6	36.8	39.7	43.2	46.9							
11240	24.4	27.3	30.5	33.6	36.8	39.7	43.2	46.9							
11250	24.4	27.3	30.5	33.6	36.8	39.7	43.2	46.9							
11260	24.4	27.3	30.5	33.6	36.8	39.7	43.2	46.9							
11270	24.4	27.3	30.5	33.6	36.8	39.7	43.2	46.9							
11280	24.4	27.3	30.5	33.6	36.8	39.7	43.2	46.9							
11290	24.4	27.3	30.5	33.6	36.8	39.7	43.2	46.9							
11300	24.4	27.3	30.5	33.6	36.8	39.7	43.2	46.9							
11310	24.4	27.3	30.5	33.6	36.8	39.7	43.2	46.9							
11320	24.4	27.3	30.5	33.6	36.8	39.7	43.2	46.9							
11330	24.4	27.3	30.5	33.6	36.8	39.7	43.2	46.9							
11340	24.4	27.3	30.5	33.6	36.8	39.7	43.2	46.9							
11350	24.4	27.3	30.5	33.6	36.8	39.7	43.2	46.9							
11360	24.4	27.3	30.5	33.6	36.8	39.7	43.2	46.9							
11370	24.4	27.3	30.5	33.6	36.8	39.7	43.2	46.9							
11380	24.4	27.3	30.5	33.6	36.8	39.7	43.2	46.9							
11390	24.4	27.3	30.5	33.6	36.8	39.7	43.2	46.9							
11400	24.4	27.3	30.5	33.6	36.8	39.7	43.2	46.9							
11410	24.4	27.3	30.5	33.6	36.8	39.7	43.2	46.9							
11420	24.4	27.3	30.5	33.6	36.8	39.7	43.2	46.9							
11430	24.4	27.3	30.5	33.6	36.8	39.7	43.2	46.9							
11440	24.4	27.3	30.5	33.6	36.8	39.7	43.2	46.9							
11450	24.4	27.3	30.5	33.6	36.8	39.7	43.2	46.9							
11460	24.4	27.3	30.5	33.6	36.8	39.7	43.2	46.9							
11470	24.4	27.3	30.5	33.6	36.8	39.7	43.2	46.9							
11480	24.4	27.3	30.5	33.6	36.8	39.7	43.2	46.9							
11490	24.4	27.3	30.5	33.6	36.8	39.7	43.2	46.9							
11500	24.4	27.3	30.5	33.6	36.8	39.7	43.2	46.9							
11510	24.4	27.3	30.5	33.6	36.8	39.7	43.2	46.9							
11520	24.4	27.3	30.5	33.6	36.8	39.7	43.2	46.9							
11530	24.4	27.3	30.5	33.6	36.8	39.7	43.2	46.9							
11540	24.4	27.3	30.5	33.6	36.8	39.7	43.2	46.9							
11550	24.4	27.3	30.5	33.6	36.8	39.7	43.2	46.9							
11560	24.4	27.3	30.5	33.6	36.8	39.7	43.2	46.9							
11570	24.4	27.3	30.5	33.6	36.8	39.7	43.2	46.9							
11580	24.4	27.3	30.5	33.6	36.8	39.7	43.2	46.9							
11590	24.4	27.3	30.5	33.6	36.8	39.7	43.2	46.9							
11600	24.4	27.3	30.5	33.6	36.8	39.7	43.2	46.9							
11610	24.4	27.3	30.5	33.6	36.8	39.7	43.2	46.9							
11620	24.4	27.3	30.5	33.6	36.8	39.7	43.2	46.9							
11630	24.4	27.3	30.5	33.6	36.8	39.7	43.2	46.9							
11640	24.4	27.3	30.5	33.6	36.8	39.7	43.2	46.9							
11650	24.4	27.3	30.5	33.6	36.8	39.7	43.2	46.9							
11660	24.4	27.3	30.5	33.6	36.8	39.7	43.2	46.9							
11670	24.4	27.3	30.5	33.6	36.8	39.7	43.2	46.9							
11680	24.4	27.3	30.5	33.6	36.8	39.7	43.2	46.9							
11690	24.4	27.3	30.5	33.6	36.8	39.7	43.2	46.9							
11700	24.4	27.3	30.5	33.6	36.8	39.7	43.2	46.9							
11710	24.4	27.3	30.5	33.6	36.8	39.7	43.2	46.9							
11720	24.4	27.3	30.5	33.6	36.8	39.7	43.2	46.9							
11730	24.5	27.3	30.5	33.6	36.8	39.7	43.2	46.9							
11740	24.4	27.3	30.5	33.6	36.8	39.7	43.2	46.9							
11750	24.4	27.3	30.5	33.6	36.8	39.7	43.2	46.9							
11760	24.4	27.3	30.5	33.6	36.9	39.7	43.2	46.9							
11770	24.4	27.3	30.5	33.6	36.8	39.7	43.2	46.9							
11780	24.4	27.3	30.5	33.6	36.8	39.7	43.2	46.9							
11790	24.5	27.3	30.5	33.6	36.8	39.7	43.2	46.9							
11800	24.5	27.3	30.5	33.6	36.8	39.7	43.2	46.9							
11810	24.5	27.3	30.5	33.6	36.8	39.7	43.2	46.9							
11820	24.5	27.3	30.5	33.6	36.8	39.7	43.2	46.9							
11830	24.5	27.3	30.5	33.6	36.8	39.7	43.2	46.9							
11840	24.4	27.3	30.5	33.6	36.8	39.7	43.2	46.9							
11850	24.5	27.3	30.5	33.6	36.8	39.7	43.2	46.9							
11860	24.5	27.3	30.5	33.6	36.8	39.7	43.2	46.9							
11870	24.5	27.3	30.5	33.6	36.8	39.7	43.2	46.9							
11880	24.5	27.3	30.5	33.6	36.8	39.7	43.2	46.9							
11890	24.5	27.3	30.5	33.6	36.8	39.7	43.2	46.9							
11900	24.5	27.3	30.5	33.6	36.8	39.7	43.2	46.9							
11910	24.4	27.3	30.5	33.6	36.8	39.7	43.2	46.9							
11920	24.5	27.3	30.5	33.6	36.8	39.7	43.2	46.9							
11930	24.5	27.3	30.5	33.6	36.9	39.7	43.2	46.9							
11940	24.5	27.3	30.5	33.6	36.8	39.7	43.2	46.9							
11950	24.5	27.3	30.5	33.6	36.8	39.7	43.2	46.9							
11960	24.5	27.3	30.5	33.6	36.8	39.7	43.2	46.9							
11970	24.5	27.3	30.5	33.6	36.8	39.7	43.2	46.9							
11980	24.4	27.3	30.5	33.6	36.8	39.7	43.2	46.9							
11990	24.4	27.3	30.5	33.6	36.8	39.7	43.2	46.9							
12000	24.5	27.3	30.5	33.6	36.8	39.7	43.2	46.9							
12010	24.4	27.3	30.5	33.6	36.8	39.7	43.2	46.9							
12020	24.4	27.3	30.5	33.6	36.8	39.7	43.2	46.9							
12030	24.4	27.3	30.5	33.6	36.9	39.7	43.2	46.9							
12040	24.4	27.3	30.5	33.6	36.9	39.7	43.2	46.9							
12050	24.4	27.3	30.5	33.6	36.9	39.7	43.2	46.9							
12060	24.4	27.3	30.5	33.6	36.8	39.7	43.2	46.9							
12070	24.4	27.3	30.5	33.6	36.8	39.7	43.2	46.9							
12080	24.4	27.3	30.5	33.6	36.9	39.7	43.2	46.9							
12090	24.4	27.3	30.5	33.6	36.8	39.7	43.2	46.9							
12100	24.4	27.3	30.5	33.6	36.8	39.7	43.2	46.9							
12110	24.4	27.3	30.5	33.6	36.8	39.7	43.2	46.9							
12120	24.4	27.3	30.5	33.6	36.9	39.7	43.2	46.9							
12130	24.4	27.3	30.5	33.6	36.8	39.7	43.2	46.9							
12140	24.4	27.3	30.5	33.6	36.8	39.7	43.2	46.9							
12150	24.4	27.3	30.5	33.6	36.8	39.7	43.2	46.9							
12160	24.4	27.3	30.5	33.6	36.8	39.7	43.2	46.9							
12170	24.4	27.3	30.5	33.6	36.9	39.7	43.2	46.9							
12180	24.4	27.3	30.5	33.6	36.8	39.7	43.2	46.9							
12190	24.4	27.3	30.5	33.6	36.8	39.7	43.2	46.9							
12200	24.4	27.3	30.5	33.6	36.9	39.7	43.2	46.9							
12210	24.4	27.3	30.5	33.6	36.8	39.7	43.2	46.9							
12220	24.4	27.3	30.5	33.6	36.9	39.7	43.2	46.9							
12230	24.4	27.3	30.5	33.6	36.8	39.7	43.2	46.9							
12240	24.4	27.3	30.5	33.6	36.8	39.7	43.2	46.9							
12250	24.4	27.3	30.5	33.6	36.8	39.7	43.2	46.9							
12260	24.4	27.3	30.5	33.6	36.8	39.7	43.2	46.9							
12270	24.4	27.3	30.5	33.6	36.8	39.7	43.2	46.9							
12280	24.4	27.3	30.5	33.6	36.8	39.7	43.2	46.9							
12290	24.4	27.3	30.5	33.6	36.8	39.7	43.2	46.9							
12300	24.4	27.3	30.5	33.6	36.8	39.7	43.2	46.9							
12310	24.4	27.3	30.5	33.6	36.8	39.7	43.2	46.9							
12320	24.4	27.3	30.5	33.6	36.8	39.7	43.2	46.9							
12330	24.4	27.3	30.5	33.6	36.8	39.7	43.2	46.9							
12340	24.4	27.3	30.5	33.6	36.8	39.7	43.2	46.9							
12350	24.4	27.3	30.5	33.6	36.8	39.7	43.2	46.9							
12360	24.4	27.3	30.5	33.6	36.9	39.7	43.2	46.9							
12370	24.4	27.3	30.5	33.6	36.9	39.7	43.2	46.9							
12380	24.4	27.3	30.5	33.6	36.8	39.7	43.2	46.9							
12390	24.4	27.3	30.5	33.6	36.8	39.7	43.2	46.9							
12400	24.4	27.3	30.5	33.6	36.8	39.7	43.2	46.9							
12410	24.4	27.3	30.5	33.6	36.8	39.7	43.2	46.9							
12420	24.4	27.3	30.5	33.6	36.8	39.7	43.2	46.9							
12430	24.4	27.3	30.5	33.6	36.9	39.7	43.2	46.9							
12440	24.4	27.3	30.5	33.6	36.8	39.7	43.2	46.9							
12450	24.4	27.3	30.5	33.6	36.8	39.7	43.2	46.9							
12460	24.4	27.3	30.5	33.6	36.8	39.7	43.2	46.9							
12470	24.4	27.3	30.5	33.6	36.8	39.7	43.2	46.9							
12480	24.4	27.3	30.5	33.6	36.8	39.7	43.2	46.9							
12490	24.4	27.3	30.5	33.6	36.8	39.7	43.2	46.9							
12500	24.4	27.3	30.5	33.6	36.8	39.7	43.2	46.9							
12510	24.4	27.3	30.5	33.6	36.8	39.7	43.2	46.9							
12520	24.4	27.3	30.5	33.6	36.8	39.7	43.2	46.9							
12530	24.4	27.3	30.5	33.6	36.8	39.7	43.2	46.9							
12540	24.4	27.3	30.5	33.6	36.8	39.7	43.2	46.9							
12550	24.4	27.3	30.5	33.6	36.8	39.7	43.2	46.9							
12560	24.4	27.3	30.5	33.6	36.8	39.7	43.2	46.9							
12570	24.4	27.3	30.5	33.6	36.8	39.7	43.2	46.9							
12580	24.4	27.3	30.5	33.6	36.8	39.7	43.2	46.9							
12590	24.4	27.3	30.5	33.6	36.8	39.7	43.2	46.9							
12600	24.4	27.3	30.5	33.6	36.8	39.7	43.2	46.9							
12610	24.4	27.3	30.5	33.6	36.8	39.7	43.2	46.9							
12620	24.4	27.3	30.5	33.6	36.8	39.7	43.2	46.9							
12630	24.4	27.3	30.5	33.6	36.8	39.7	43.2	46.9							
12640	24.4	27.3	30.5	33.6	36.8	39.7	43.2	46.9							
12650	24.4	27.3	30.5	33.6	36.8	39.7	43.2	46.9							
12660	24.4	27.3	30.5	33.6	36.8	39.7	43.2	46.9							
12670	24.4	27.3	30.5	33.6	36.8	39.7	43.2	46.9							
12680	24.4	27.3	30.5	33.6	36.8	39.7	43.2	46.9							
12690	24.4	27.3	30.5	33.6	36.8	39.7	43.2	46.9							
12700	24.4	27.3	30.5	33.6	36.8	39.7	43.2	46.9							
12710	24.4	27.3	30.5	33.6	36.8	39.7	43.2	46.9							
12720	24.4	27.3	30.5	33.6	36.8	39.7	43.2	46.9							
12730	24.4	27.3	30.5	33.6	36.8	39.7	43.2	46.9							
12740	24.4	27.3	30.5	33.6	36.8	39.7	43.2	46.9							
12750	24.4	27.3	30.5	33.6	36.8	39.7	43.2	46.9							
12760	24.4	27.3	30.5	33.6	36.8	39.7	43.2	46.9							
12770	24.4	27.3	30.5	33.6	36.8	39.7	43.2	46.9							
12780	24.4	27.3	30.5	33.6	36.8	39.7	43.2	46.9							
12790	24.4	27.3	30.5	33.6	36.8	39.7	43.2	46.9							
12800	24.4	27.3	30.5	33.6	36.8	39.7	43.2	46.9							
12810	24.4	27.3	30.5	33.6	36.8	39.7	43.2	46.9							
12820	24.4	27.3	30.5	33.6	36.8	39.7	43.2	46.9							
12830	24.4	27.3	30.5	33.6	36.8	39.7	43.2	46.9							
12840	24.4	27.3	30.5	33.6	36.8	39.7	43.2	46.9							
12850	24.4	27.3	30.5	33.6	36.8	39.7	43.2	46.9							
12860	24.4	27.3	30.5	33.6	36.8	39.7	43.2	46.9							
12870	24.4	27.3	30.5	33.6	36.8	39.7	43.2	46.9							
12880	24.4	27.3	30.5	33.6	36.8	39.7	43.2	46.9							
12890	24.4	27.3	30.5	33.6	36.8	39.7	43.2	46.9							
12900	24.4	27.3	30.5	33.6	36.8	39.7	43.2	46.9							
12910	24.4	27.3	30.5	33.6	36.8	39.7	43.2	46.9							
12920	24.4	27.3	30.5	33.6	36.8	39.7	43.2	46.9							
12930	24.4	27.3	30.5	33.6	36.8	39.7	43.2	46.9							
12940	24.4	27.3	30.5	33.6	36.8	39.7	43.2	46.9							
12950	24.4	27.3	30.5	33.6	36.8	39.7	43.2	46.9							
12960	24.4	27.3	30.5	33.6	36.8	39.7	43.2	46.9							
12970	24.4	27.3	30.5	33.6	36.8	39.7	43.2	46.9							
12980	24.4	27.3	30.5	33.6	36.8	39.7	43.2	46.9							
12990	24.4	27.3	30.5	33.6	36.8	39.7	43.2	46.9							
13000	24.4	27.3	30.5	33.6	36.8	39.7	43.2	46.9							
13010	24.4	27.3	30.5	33.6	36.8	39.7	43.2	46.9							
13020	24.4	27.3	30.5	33.6	36.8	39.7	43.2	46.9							
13030	24.4	27.3	30.5	33.6	36.8	39.7	43.2	46.9							
13040	24.4	27.3	30.5	33.6	36.8	39.7	43.2	46.9							
13050	24.4	27.3	30.5	33.6	36.8	39.7	43.2	46.9							
13060	24.4	27.3	30.5	33.6	36.8	39.7	43.2	46.9							
13070	24.4	27.3	30.5	33.6	36.8	39.7	43.2	46.9							
13080	24.4	27.3	30.5	33.6	36.8	39.7	43.2	46.9							
13090	24.4	27.3	30.5	33.6	36.8	39.7	43.2	46.9							
13100	24.4	27.3	30.5	33.6	36.8	39.7	43.2	46.9							
13110	24.4	27.3	30.5	33.6	36.8	39.7	43.2	46.9							
13120	24.4	27.3	30.5	33.6	36.8	39.7	43.2	46.9							
13130	24.4	27.3	30.5	33.6	36.8	39.7	43.2	46.9							
13140	24.4	27.3	30.5	33.6	36.8	39.7	43.2	46.9							
13150	24.4	27.3	30.5	33.6	36.8	39.7	43.2	46.9							
13160	24.4	27.3	30.5	33.6	36.8	39.7	43.2	46.9							
13170	24.4	27.3	30.5	33.6	36.8	39.7	43.2	46.9							
13180	24.4	27.3	30.5	33.6	36.8	39.7	43.2	46.9							
13190	24.4	27.3	30.5	33.6	36.8	39.7	43.2	46.9							
13200	24.4	27.3	30.5	33.6	36.8	39.7	43.2	46.9							
13210	24.4	27.3	30.5	33.6	36.8	39.7	43.2	46.9							
13220	24.4	27.3	30.5	33.6	36.8	39.7	43.2	46.9							
13230	24.4	27.3	30.5	33.6	36.8	39.7	43.2	46.9							
13240	24.4	27.3	30.5	33.6	36.8	39.7	43.2	46.9							
13250	24.4	27.3	30.5	33.6	36.8	39.7	43.2	46.9							
13260	24.4	27.3	30.5	33.6	36.8	39.7	43.2	46.9							
13270	24.4	27.3	30.5	33.6	36.8	39.7	43.2	46.9							
13280	24.4	27.3	30.5	33.6	36.8	39.7	43.2	46.9							
13290	24.4	27.3	30.5	33.6	36.8	39.7	43.2	46.9							
13300	24.4	27.3	30.5	33.6	36.8	39.7	43.2	46.9							
13310	24.4	27.3	30.5	33.6	36.8	39.7	43.2	46.9							
13320	24.4	27.3	30.5	33.6	36.8	39.7	43.2	46.9							
13330	24.4	27.3	30.5	33.6	36.8	39.7	43.2	46.9							
13340	24.4	27.3	30.5	33.6	36.8	39.7	43.2	46.9							
13350	24.4	27.3	30.5	33.6	36.8	39.7	43.2	46.9							
13360	24.4	27.3	30.5	33.6	36.8	39.7	43.2	46.9							
13370	24.4	27.3	30.5	33.6	36.8	39.7	43.2	46.9							
13380	24.4	27.3	30.5	33.6	36.8	39.7	43.2	46.9							
13390	24.4	27.3	30.5	33.6	36.8	39.7	43.2	46.9							
13400	24.4	27.3	30.5	33.6	36.8	39.7	43.2	46.9							
13410	24.4	27.3	30.5	33.6	36.8	39.7	43.2	46.9							
13420	24.4	27.3	30.5	33.6	36.8	39.7	43.2	46.9							
13430	24.4	27.3	30.5	33.6	36.8	39.7	43.2	46.9							
13440	24.4	27.3	30.5	33.6	36.8	39.7	43.2	46.9							
13450	24.4	27.3	30.5	33.6	36.8	39.7	43.2	46.9							
13460	24.4	27.3	30.5	33.6	36.8	39.7	43.2	46.9							
13470	24.4	27.3	30.5	33.6	36.8	39.7	43.2	46.9							
13480	24.4	27.3	30.5	33.6	36.8	39.7	43.2	46.9							
13490	24.4	27.3	30.5	33.6	36.8	39.7	43.2	46.9							
13500	24.4	27.3	30.5	33.6	36.8	39.7	43.2	46.9							
13510	24.4	27.3	30.5	33.6	36.8	39.7	43.2	46.9							
13520	24.4	27.3	30.5	33.6	36.8	39.7	43.2	46.9							
13530	24.4	27.3	30.5	33.6	36.8	39.7	43.2	46.9							
13540	24.4	27.3	30.5	33.6	36.8	39.7	43.2	46.9							
13550	24.4	27.3	30.5	33.6	36.8	39.7	43.2	46.9							
13560	24.4	27.3	30.5	33.6	36.8	39.7	43.2	46.9							
13570	24.4	27.3	30.5	33.6	36.8	39.7	43.2	46.9							
13580	24.4	27.3	30.5	33.6	36.8	39.7	43.2	46.9							
13590	24.4	27.3	30.5	33.6	36.8	39.7	43.2	46.9							
13600	24.4	27.3	30.5	33.6	36.8	39.7	43.2	46.9							
13610	24.4	27.3	30.5	33.6	36.8	39.7	43.2	46.9							
13620	24.4	27.3	30.5	33.6	36.8	39.7	43.2	46.9							
13630	24.4	27.3	30.5	33.6	36.8	39.7	43.2	46.9							
13640	24.4	27.3	30.5	33.6	36.8	39.7	43.2	46.9							
13650	24.4	27.3	30.5	33.6	36.8	39.7	43.2	46.9							
13660	24.4	27.3	30.5	33.6	36.8	39.7	43.2	46.9							
13670	24.4	27.3	30.5	33.6	36.8	39.7	43.2	46.9							
13680	24.4	27.3	30.5	33.6	36.8	39.7	43.2	46.9							
13690	24.4	27.3	30.5	33.6	36.8	39.7	43.2	46.9							
13700	24.4	27.3	30.5	33.6	36.8	39.7	43.2	46.9							
13710	24.4	27.3	30.5	33.6	36.8	39.7	43.2	46.9							
13720	24.4	27.3	30.5	33.6	36.8	39.7	43.2	46.9							
13730	24.4	27.3	30.5	33.6	36.8	39.7	43.2	46.9							
13740	24.4	27.3	30.5	33.6	36.8	39.7	43.2	46.9							
13750	24.4	27.3	30.5	33.6	36.8	39.7	43.2	46.9							
13760	24.4	27.3	30.5	33.6	36.8	39.7	43.2	46.9							
13770	24.4	27.3	30.5	33.6	36.8	39.7	43.2	46.9							
13780	24.4	27.3	30.5	33.6	36.8	39.7	43.2	46.9							
13790	24.4	27.3	30.5	33.6	36.8	39.7	43.2	46.9							
13800	24.4	27.3	30.5	33.6	36.8	39.7	43.2	46.9							
13810	24.4	27.3	30.5	33.6	36.8	39.7	43.2	46.9							
13820	24.4	27.3	30.5	33.6	36.8	39.7	43.2	46.9							
13830	24.4	27.3	30.5	33.6	36.8	39.7	43.2	46.9							
13840	24.4	27.3	30.5	33.6	36.8	39.7	43.2	46.9							
13850	24.4	27.3	30.5	33.6	36.8	39.7	43.2	46.9							
13860	24.4	27.3	30.5	33.6	36.8	39.7	43.2	46.9							
13870	24.4	27.3	30.5	33.6	36.8	39.7	43.2	46.9							
13880	24.4	27.3	30.5	33.6	36.8	39.7	43.2	46.9							
13890	24.4	27.3	30.5	33.6	36.8	39.7	43.2	46.9							
13900	24.4	27.3	30.5	33.6	36.8	39.7	43.2	46.9							
13910	24.4	27.3	30.5	33.6	36.8	39.7	43.2	46.9							
13920	24.4	27.3	30.5	33.6	36.8	39.7	43.2	46.9							
13930	24.4	27.3	30.5	33.6	36.8	39.7	43.2	46.9							
13940	24.4	27.3	30.5	33.6	36.8	39.7	43.2	46.9							
13950	24.4	27.3	30.5	33.6	36.8	39.7	43.2	46.9							
13960	24.4	27.3	30.5	33.6	36.8	39.7	43.2	46.9							
13970	24.4	27.3	30.5	33.6	36.8	39.7	43.2	46.9							
13980	24.4	27.3	30.5	33.6	36.8	39.7	43.2	46.9							
13990	24.4	27.3	30.5	33.6	36.8	39.7	43.2	46.9							
14000	24.4	27.3	30.5	33.6	36.8	39.7	43.2	46.9							
14010	24.4	27.3	30.5	33.6	36.8	39.7	43.2	46.9							
14020	24.4	27.3	30.5	33.6	36.8	39.7	43.2	46.9							
14030	24.4	27.3	30.5	33.6	36.8	39.7	43.2	46.9							
14040	24.4	27.3	30.5	33.6	36.8	39.7	43.2	46.9							
14050	24.4	27.3	30.5	33.6	36.8	39.7	43.2	46.9							
14060	24.4	27.3	30.5	33.6	36.8	39.7	43.2	46.9							
14070	24.4	27.3	30.5	33.6	36.8	39.7	43.2	46.9							
14080	24.4	27.3	30.5	33.6	36.8	39.7	43.2	46.9							
14090	24.4	27.3	30.5	33.6	36.8	39.7	43.2	46.9							
14100	24.4	27.3	30.5	33.6	36.8	39.7	43.2	46.9							
14110	24.4	27.3	30.5	33.6	36.8	39.7	43.2	46.9							
14120	24.4	27.3	30.5	33.6	36.8	39.7	43.2	46.9							
14130	24.4	27.3	30.5	33.6	36.8	39.7	43.2	46.9							
14140	24.4	27.3	30.5	33.6	36.8	39.7	43.2	46.9							
14150	24.4	27.3	30.5	33.6	36.8	39.7	43.2	46.9							
14160	24.4	27.3	30.5	33.6	36.8	39.7	43.2	46.9							
14170	24.4	27.3	30.5	33.6	36.8	39.7	43.1	46.9							
14180	24.4	27.3	30.5	33.6	36.8	39.7	43.2	46.9							
14190	24.4	27.3	30.5	33.6	36.8	39.7	43.2	46.9							
14200	24.4	27.3	30.5	33.6	36.8	39.7	43.2	46.9							
14210	24.4	27.3	30.5	33.6	36.8	39.7	43.2	46.9							
14220	24.4	27.3	30.5	33.6	36.8	39.7	43.2	46.9							
14230	24.4	27.3	30.5	33.6	36.8	39.7	43.2	46.9							
14240	24.4	27.3	30.5	33.6	36.8	39.7	43.1	46.9							
14250	24.4	27.3	30.5	33.6	36.8	39.7	43.2	46.9							
14260	24.4	27.3	30.5	33.6	36.8	39.7	43.2	46.9							
14270	24.4	27.3	30.5	33.6	36.8	39.7	43.2	46.9							
14280	24.4	27.3	30.5	33.6	36.8	39.7	43.2	46.9							
14290	24.4	27.3	30.5	33.6	36.8	39.7	43.1	46.8							
14300	24.4	27.3	30.5	33.6	36.8	39.7	43.2	46.9							
14310	24.4	27.3	30.5	33.6	36.8	39.7	43.1	46.8							
14320	24.4	27.3	30.5	33.6	36.8	39.7	43.2	46.8							
14330	24.4	27.3	30.5	33.6	36.8	39.7	43.2	46.9							
14340	24.4	27.3	30.5	33.6	36.8	39.7	43.1	46.8							
14350	24.4	27.3	30.5	33.6	36.8	39.7	43.1	46.9							
14360	24.4	27.3	30.5	33.6	36.8	39.7	43.1	46.8							
14370	24.4	27.3	30.5	33.6	36.8	39.7	43.2	46.9							
14380	24.4	27.3	30.5	33.6	36.8	39.7	43.1	46.8							
14390	24.4	27.3	30.5	33.6	36.8	39.7	43.1	46.8							
14400	24.4	27.3	30.5	33.6	36.8	39.7	43.2	46.9							
14410	24.4	27.3	30.5	33.6	36.8	39.7	43.1	46.9							
14420	24.4	27.3	30.5	33.6	36.8	39.7	43.2	46.9							
14430	24.4	27.3	30.5	33.6	36.8	39.7	43.1	46.8							
14440	24.4	27.3	30.5	33.6	36.8	39.7	43.2	46.8							
14450	24.4	27.3	30.5	33.6	36.8	39.7	43.1	46.8							
14460	24.4	27.3	30.5	33.6	36.8	39.7	43.1	46.8							
14470	24.4	27.3	30.5	33.6	36.8	39.7	43.1	46.8							
14480	24.4	27.3	30.5	33.6	36.8	39.7	43.2	46.8							
14490	24.4	27.3	30.5	33.6	36.8	39.7	43.1	46.8							
14500	24.4	27.3	30.5	33.6	36.8	39.7	43.1	46.8							
14510	24.4	27.3	30.5	33.6	36.8	39.7	43.1	46.9							
14520	24.4	27.3	30.5	33.6	36.8	39.7	43.1	46.8							
14530	24.4	27.3	30.5	33.6	36.8	39.7	43.1	46.8							
14540	24.4	27.3	30.5	33.6	36.8	39.7	43.1	46.8							
